loc,date,temp,wind,rain
수락산,2015-01-01 0:00,-7.1,3.1,0
수락산,2015-01-01 1:00,-7.7,2.8,0
수락산,2015-01-01 2:00,-8.3,3,0
수락산,2015-01-01 3:00,-8.6,3.1,0
수락산,2015-01-01 4:00,-9.1,2.6,0
수락산,2015-01-01 5:00,-9.6,0.8,0
수락산,2015-01-01 6:00,-9.6,3.5,0
수락산,2015-01-01 7:00,-10.4,1.8,0
수락산,2015-01-01 8:00,-10.5,1.5,0
수락산,2015-01-01 9:00,-9.5,2.5,0
수락산,2015-01-01 10:00,-8.5,2.8,0
수락산,2015-01-01 11:00,-7.2,3.3,0
수락산,2015-01-01 12:00,-6.5,3.9,0
수락산,2015-01-01 13:00,-5.6,3,0
수락산,2015-01-01 14:00,-5.1,3.1,0
수락산,2015-01-01 15:00,-4.9,3.6,0
수락산,2015-01-01 16:00,-5.3,2.1,0
수락산,2015-01-01 17:00,-6.5,2.1,0
수락산,2015-01-01 18:00,-7.5,1.1,0
수락산,2015-01-01 19:00,-7.8,1.8,0
수락산,2015-01-01 20:00,-8.1,2.6,0
수락산,2015-01-01 21:00,-8.9,1.1,0
수락산,2015-01-01 22:00,-9.3,1.6,0
수락산,2015-01-01 23:00,-9.5,0.8,0
수락산,2015-01-02 0:00,-9.4,0.9,0
수락산,2015-01-02 1:00,-9.3,0.9,0
수락산,2015-01-02 2:00,-9.8,0.8,0
수락산,2015-01-02 3:00,-10.3,0,0
수락산,2015-01-02 4:00,-10.8,0.5,0
수락산,2015-01-02 5:00,-10.9,0.4,0
수락산,2015-01-02 6:00,-10.9,0,0
수락산,2015-01-02 7:00,-11.8,1,0
수락산,2015-01-02 8:00,-12,0.8,0
수락산,2015-01-02 9:00,-9.7,0,0
수락산,2015-01-02 10:00,-7.2,0.7,0
수락산,2015-01-02 11:00,-4.6,3.9,0
수락산,2015-01-02 12:00,-3.7,2.9,0
수락산,2015-01-02 13:00,-2.6,3.5,0
수락산,2015-01-02 14:00,-2.3,3.8,0
수락산,2015-01-02 15:00,-1.8,3.1,0
수락산,2015-01-02 16:00,-2.9,3.9,0
수락산,2015-01-02 17:00,-3.6,2.3,0
수락산,2015-01-02 18:00,-4.3,3,0
수락산,2015-01-02 19:00,-5.8,1.6,0
수락산,2015-01-02 20:00,-5.8,1.8,0
수락산,2015-01-02 21:00,-7,0.7,0
수락산,2015-01-02 22:00,-8,0.4,0
수락산,2015-01-02 23:00,-8.6,0.1,0
수락산,2015-01-03 0:00,-8.6,0.4,0
수락산,2015-01-03 1:00,-10.3,1.2,0
수락산,2015-01-03 2:00,-11.3,1.3,0
수락산,2015-01-03 3:00,-11.3,0,0
수락산,2015-01-03 4:00,-11.5,0.1,0
수락산,2015-01-03 5:00,-12.3,0.1,0
수락산,2015-01-03 6:00,-12.9,0.4,0
수락산,2015-01-03 7:00,-12.7,0.6,0
수락산,2015-01-03 8:00,-12.9,0.8,0
수락산,2015-01-03 9:00,-10,0.9,0
수락산,2015-01-03 10:00,-7.2,0.9,0
수락산,2015-01-03 11:00,-4.2,1.9,0
수락산,2015-01-03 12:00,-2.2,2,0
수락산,2015-01-03 13:00,-0.9,1.5,0
수락산,2015-01-03 14:00,0.1,1.5,0
수락산,2015-01-03 15:00,0.8,1.7,0
수락산,2015-01-03 16:00,0.8,1.1,0
수락산,2015-01-03 17:00,0.4,1,0
수락산,2015-01-03 18:00,0.4,0.4,0
수락산,2015-01-03 19:00,0,0.6,0
수락산,2015-01-03 20:00,0,0.8,0
수락산,2015-01-03 21:00,0,1.6,0
수락산,2015-01-03 22:00,-0.8,0.8,0
수락산,2015-01-03 23:00,-0.3,0.5,0
수락산,2015-01-04 0:00,-0.3,0.3,0
수락산,2015-01-04 1:00,0.1,0.4,0
수락산,2015-01-04 2:00,0.2,1.2,0
수락산,2015-01-04 3:00,0,1,0
수락산,2015-01-04 4:00,-0.1,0.2,0
수락산,2015-01-04 5:00,-0.3,0.3,0
수락산,2015-01-04 6:00,-0.3,1.6,0
수락산,2015-01-04 7:00,-0.2,0.6,0
수락산,2015-01-04 8:00,0.1,0.3,0
수락산,2015-01-04 9:00,0.4,0.5,0
수락산,2015-01-04 10:00,1,0.1,0
수락산,2015-01-04 11:00,1.9,0.1,0
수락산,2015-01-04 12:00,2.5,0.2,0
수락산,2015-01-04 13:00,3.8,0.3,0
수락산,2015-01-04 14:00,5.9,0.4,0
수락산,2015-01-04 15:00,6.7,0.7,0
수락산,2015-01-04 16:00,5.7,0.1,0
수락산,2015-01-04 17:00,4,0,0
수락산,2015-01-04 18:00,2.1,0,0
수락산,2015-01-04 19:00,0.9,0,0
수락산,2015-01-04 20:00,-0.4,0,0
수락산,2015-01-04 21:00,-1.3,0,0
수락산,2015-01-04 22:00,-2.1,0,0
수락산,2015-01-04 23:00,-2.1,0,0
수락산,2015-01-05 0:00,-2.3,0.7,0
수락산,2015-01-05 1:00,-3.6,0.7,0
수락산,2015-01-05 2:00,-4.1,0.6,0
수락산,2015-01-05 3:00,-3.9,0.2,0
수락산,2015-01-05 4:00,-4.3,0,0
수락산,2015-01-05 5:00,-4.1,0,0
수락산,2015-01-05 6:00,-4.4,0.5,0
수락산,2015-01-05 7:00,-4.7,0.7,0
수락산,2015-01-05 8:00,-4,0.1,0
수락산,2015-01-05 9:00,-2.8,0.8,0
수락산,2015-01-05 10:00,-0.8,0.1,0
수락산,2015-01-05 11:00,2.3,0,0
수락산,2015-01-05 12:00,4.7,0.6,0
수락산,2015-01-05 13:00,6.1,1.5,0
수락산,2015-01-05 14:00,7.1,1.3,0
수락산,2015-01-05 15:00,7.1,1.8,0
수락산,2015-01-05 16:00,7,1.3,0
수락산,2015-01-05 17:00,6.5,1.1,0
수락산,2015-01-05 18:00,5.5,0.8,0
수락산,2015-01-05 19:00,4.8,0.3,0
수락산,2015-01-05 20:00,5,0.4,0
수락산,2015-01-05 21:00,3.9,0,0
수락산,2015-01-05 22:00,3.4,0,0
수락산,2015-01-05 23:00,3.5,0.4,0
수락산,2015-01-06 0:00,3,0.7,0
수락산,2015-01-06 1:00,1.8,1,0.5
수락산,2015-01-06 2:00,1.3,0.6,0.5
수락산,2015-01-06 3:00,1.1,2.3,0
수락산,2015-01-06 4:00,1.2,1,0.5
수락산,2015-01-06 5:00,1.1,2.6,0
수락산,2015-01-06 6:00,0.5,2.2,0
수락산,2015-01-06 7:00,-1,2.2,0
수락산,2015-01-06 8:00,-2.9,3.5,0
수락산,2015-01-06 9:00,-3.4,3.2,0
수락산,2015-01-06 10:00,-3.6,3.7,0
수락산,2015-01-06 11:00,-2.9,2.8,0
수락산,2015-01-06 12:00,-2.3,3,0
수락산,2015-01-06 13:00,-1.5,3.6,0
수락산,2015-01-06 14:00,-1.4,4,0
수락산,2015-01-06 15:00,-1.3,3.5,0
수락산,2015-01-06 16:00,-1.9,3.2,0
수락산,2015-01-06 17:00,-3.4,3,0
수락산,2015-01-06 18:00,-4.7,3.1,0
수락산,2015-01-06 19:00,-5.6,3.2,0
수락산,2015-01-06 20:00,-6.3,3.3,0
수락산,2015-01-06 21:00,-6.9,3.7,0
수락산,2015-01-06 22:00,-7.2,2.9,0
수락산,2015-01-06 23:00,-7.6,2.1,0
수락산,2015-01-07 0:00,-7.3,2.6,0
수락산,2015-01-07 1:00,-7.7,2,0
수락산,2015-01-07 2:00,-8,1.6,0
수락산,2015-01-07 3:00,-7.9,1.5,0
수락산,2015-01-07 4:00,-8.1,1.1,0
수락산,2015-01-07 5:00,-7.9,1.8,0
수락산,2015-01-07 6:00,-9.2,0.5,0
수락산,2015-01-07 7:00,-9.5,0.9,0
수락산,2015-01-07 8:00,-10,0.3,0
수락산,2015-01-07 9:00,-7.5,0.5,0
수락산,2015-01-07 10:00,-6.1,2.3,0
수락산,2015-01-07 11:00,-4.9,1.4,0
수락산,2015-01-07 12:00,-4,2,0
수락산,2015-01-07 13:00,-3.2,1.7,0
수락산,2015-01-07 14:00,-1.8,1.4,0
수락산,2015-01-07 15:00,-2.2,2.5,0
수락산,2015-01-07 16:00,-2.2,2.1,0
수락산,2015-01-07 17:00,-3.1,1.2,0
수락산,2015-01-07 18:00,-3.5,1.2,0
수락산,2015-01-07 19:00,-4.6,1.3,0
수락산,2015-01-07 20:00,-5.7,1.3,0
수락산,2015-01-07 21:00,-5.9,0.8,0
수락산,2015-01-07 22:00,-6.1,1.2,0
수락산,2015-01-07 23:00,-7.3,1.2,0
수락산,2015-01-08 0:00,-7.9,0.5,0
수락산,2015-01-08 1:00,-8.8,0,0
수락산,2015-01-08 2:00,-10,0.4,0
수락산,2015-01-08 3:00,-10.4,0,0
수락산,2015-01-08 4:00,-10.9,0,0
수락산,2015-01-08 5:00,-11.4,0.1,0
수락산,2015-01-08 6:00,-12.1,0.1,0
수락산,2015-01-08 7:00,-12.4,0,0
수락산,2015-01-08 8:00,-12.2,0,0
수락산,2015-01-08 9:00,-10.2,0.4,0
수락산,2015-01-08 10:00,-7.3,0.8,0
수락산,2015-01-08 11:00,-5.7,1.5,0
수락산,2015-01-08 12:00,-4,1.1,0
수락산,2015-01-08 13:00,-2.5,1.7,0
수락산,2015-01-08 14:00,-1.7,1.8,0
수락산,2015-01-08 15:00,-1,1.2,0
수락산,2015-01-08 16:00,-1.4,1.8,0
수락산,2015-01-08 17:00,-2.5,1.5,0
수락산,2015-01-08 18:00,-4.1,0.9,0
수락산,2015-01-08 19:00,-4.5,0.1,0
수락산,2015-01-08 20:00,-5.8,0.2,0
수락산,2015-01-08 21:00,-6.9,0.1,0
수락산,2015-01-08 22:00,-7.4,0.9,0
수락산,2015-01-08 23:00,-7.6,0.3,0
수락산,2015-01-09 0:00,-8.9,0,0
수락산,2015-01-09 1:00,-8.8,0,0
수락산,2015-01-09 2:00,-9.7,0.4,0
수락산,2015-01-09 3:00,-9.8,0.1,0
수락산,2015-01-09 4:00,-10,0.1,0
수락산,2015-01-09 5:00,-10.3,0,0
수락산,2015-01-09 6:00,-11.1,0.3,0
수락산,2015-01-09 7:00,-10.6,0.2,0
수락산,2015-01-09 8:00,-10.7,0.1,0
수락산,2015-01-09 9:00,-8.8,0.1,0
수락산,2015-01-09 10:00,-5.5,0,0
수락산,2015-01-09 11:00,-2.3,0.7,0
수락산,2015-01-09 12:00,-0.4,0.8,0
수락산,2015-01-09 13:00,1.9,2.4,0
수락산,2015-01-09 14:00,2,3.2,0
수락산,2015-01-09 15:00,2.4,2,0
수락산,2015-01-09 16:00,1.7,1.6,0
수락산,2015-01-09 17:00,0.9,1.4,0
수락산,2015-01-09 18:00,-0.4,1,0
수락산,2015-01-09 19:00,-1.2,0.4,0
수락산,2015-01-09 20:00,-1.5,0.6,0
수락산,2015-01-09 21:00,-4,0.8,0
수락산,2015-01-09 22:00,-3.6,0,0
수락산,2015-01-09 23:00,-3.8,1.4,0
수락산,2015-01-10 0:00,-4.8,0,0
수락산,2015-01-10 1:00,-5.1,0,0
수락산,2015-01-10 2:00,-5.4,0,0
수락산,2015-01-10 3:00,-7.1,0.1,0
수락산,2015-01-10 4:00,-8.2,0,0
수락산,2015-01-10 5:00,-8.4,0.3,0
수락산,2015-01-10 6:00,-8.6,0,0
수락산,2015-01-10 7:00,-9.5,0.3,0
수락산,2015-01-10 8:00,-9.7,0.7,0
수락산,2015-01-10 9:00,-7.1,0,0
수락산,2015-01-10 10:00,-3.8,0,0
수락산,2015-01-10 11:00,-1.1,0.9,0
수락산,2015-01-10 12:00,1.7,1,0
수락산,2015-01-10 13:00,2.9,0.9,0
수락산,2015-01-10 14:00,3.9,2.3,0
수락산,2015-01-10 15:00,4.3,2.1,0
수락산,2015-01-10 16:00,3.6,1.9,0
수락산,2015-01-10 17:00,2.8,2,0
수락산,2015-01-10 18:00,2.1,0.4,0
수락산,2015-01-10 19:00,1.7,0.9,0
수락산,2015-01-10 20:00,1,0.8,0
수락산,2015-01-10 21:00,1.8,1.1,0
수락산,2015-01-10 22:00,1.9,1.1,0
수락산,2015-01-10 23:00,1.8,0.6,0
수락산,2015-01-11 0:00,1.1,0.5,0
수락산,2015-01-11 1:00,2.5,0.9,0
수락산,2015-01-11 2:00,1.7,0.8,0
수락산,2015-01-11 3:00,1.5,0.6,0
수락산,2015-01-11 4:00,1,0.7,0
수락산,2015-01-11 5:00,0.7,0,0
수락산,2015-01-11 6:00,1.1,0.7,0
수락산,2015-01-11 7:00,0.1,2,0
수락산,2015-01-11 8:00,-1.2,1.5,0
수락산,2015-01-11 9:00,-1.3,1.8,0
수락산,2015-01-11 10:00,-0.6,2.7,0
수락산,2015-01-11 11:00,-0.1,3,0
수락산,2015-01-11 12:00,1.1,2,0
수락산,2015-01-11 13:00,2.3,2.2,0
수락산,2015-01-11 14:00,2,3.2,0
수락산,2015-01-11 15:00,2.2,3,0
수락산,2015-01-11 16:00,1.9,3,0
수락산,2015-01-11 17:00,0.5,2.4,0
수락산,2015-01-11 18:00,-0.2,2.8,0
수락산,2015-01-11 19:00,-1.3,2.3,0
수락산,2015-01-11 20:00,-2.1,2,0
수락산,2015-01-11 21:00,-2.8,2.1,0
수락산,2015-01-11 22:00,-3.3,2.7,0
수락산,2015-01-11 23:00,-3.9,1.7,0
수락산,2015-01-12 0:00,-4.7,1.6,0
수락산,2015-01-12 1:00,-4.5,0.6,0
수락산,2015-01-12 2:00,-5.2,1,0
수락산,2015-01-12 3:00,-5.8,2,0
수락산,2015-01-12 4:00,-6.9,0.1,0
수락산,2015-01-12 5:00,-7.4,0.5,0
수락산,2015-01-12 6:00,-8.1,0,0
수락산,2015-01-12 7:00,-9.2,0,0
수락산,2015-01-12 8:00,-9.6,0,0
수락산,2015-01-12 9:00,-7.4,0,0
수락산,2015-01-12 10:00,-4.7,0.4,0
수락산,2015-01-12 11:00,-3.1,0.8,0
수락산,2015-01-12 12:00,-0.7,1,0
수락산,2015-01-12 13:00,0.8,1.2,0
수락산,2015-01-12 14:00,1.8,0.6,0
수락산,2015-01-12 15:00,2.5,1.1,0
수락산,2015-01-12 16:00,1.7,1.3,0
수락산,2015-01-12 17:00,0.3,1.5,0
수락산,2015-01-12 18:00,-1.8,0.7,0
수락산,2015-01-12 19:00,-2.6,0.4,0
수락산,2015-01-12 20:00,-3.3,0,0
수락산,2015-01-12 21:00,-4.6,0,0
수락산,2015-01-12 22:00,-5.5,0.3,0
수락산,2015-01-12 23:00,-6.4,0.1,0
수락산,2015-01-13 0:00,-6.8,0.4,0
수락산,2015-01-13 1:00,-7.7,0,0
수락산,2015-01-13 2:00,-7.7,0,0
수락산,2015-01-13 3:00,-8.9,0,0
수락산,2015-01-13 4:00,-8,0,0
수락산,2015-01-13 5:00,-8.6,0,0
수락산,2015-01-13 6:00,-9.1,0,0
수락산,2015-01-13 7:00,-8.6,0,0
수락산,2015-01-13 8:00,-8.3,0,0
수락산,2015-01-13 9:00,-6.5,0,0
수락산,2015-01-13 10:00,-4.8,0,0
수락산,2015-01-13 11:00,-2.5,0.6,0
수락산,2015-01-13 12:00,1.5,0.8,0
수락산,2015-01-13 13:00,3.7,0.9,0
수락산,2015-01-13 14:00,4.4,1,0
수락산,2015-01-13 15:00,5.4,1,0
수락산,2015-01-13 16:00,4.5,0.9,0
수락산,2015-01-13 17:00,3.3,0.1,0
수락산,2015-01-13 18:00,1.3,0,0
수락산,2015-01-13 19:00,0.4,0,0
수락산,2015-01-13 20:00,0.1,0,0
수락산,2015-01-13 21:00,-1.1,0,0
수락산,2015-01-13 22:00,-1.5,0,0
수락산,2015-01-13 23:00,-1.7,0,0
수락산,2015-01-14 0:00,-1.4,0.1,0
수락산,2015-01-14 1:00,-1.7,0,0
수락산,2015-01-14 2:00,-2.3,0,0
수락산,2015-01-14 3:00,-2.1,0,0
수락산,2015-01-14 4:00,-2.2,0,0
수락산,2015-01-14 5:00,-3,0,0
수락산,2015-01-14 6:00,-2.6,0,0
수락산,2015-01-14 7:00,-2,0.4,0
수락산,2015-01-14 8:00,-2,0.1,0
수락산,2015-01-14 9:00,-1.1,0.1,0
수락산,2015-01-14 10:00,-0.1,0.1,0
수락산,2015-01-14 11:00,0.9,0,0
수락산,2015-01-14 12:00,1.9,0.4,0
수락산,2015-01-14 13:00,3.9,0.7,0
수락산,2015-01-14 14:00,5,0.4,0
수락산,2015-01-14 15:00,4.7,0.6,0
수락산,2015-01-14 16:00,4.3,0,0
수락산,2015-01-14 17:00,3.2,0,0
수락산,2015-01-14 18:00,3.1,0,0
수락산,2015-01-14 19:00,2.7,0,0
수락산,2015-01-14 20:00,2.5,0,0
수락산,2015-01-14 21:00,2.5,0.8,0
수락산,2015-01-14 22:00,1.7,0.4,0
수락산,2015-01-14 23:00,1.6,0,0
수락산,2015-01-15 0:00,0.8,0.3,0
수락산,2015-01-15 1:00,0.2,0.2,0
수락산,2015-01-15 2:00,-0.7,0,0
수락산,2015-01-15 3:00,-1.1,1.2,0
수락산,2015-01-15 4:00,-2.4,0.3,0
수락산,2015-01-15 5:00,-2.4,0,0
수락산,2015-01-15 6:00,-2.4,1.3,0
수락산,2015-01-15 7:00,-3.2,0.1,0
수락산,2015-01-15 8:00,-2.9,0.6,0
수락산,2015-01-15 9:00,-1.1,0.8,0
수락산,2015-01-15 10:00,0.8,0.4,0
수락산,2015-01-15 11:00,2,0.9,0
수락산,2015-01-15 12:00,5.1,0.1,0
수락산,2015-01-15 13:00,6.7,0.6,0
수락산,2015-01-15 14:00,7.6,1.3,0
수락산,2015-01-15 15:00,7.9,0.9,0
수락산,2015-01-15 16:00,7.8,0.7,0
수락산,2015-01-15 17:00,6.2,1.7,0
수락산,2015-01-15 18:00,4,0.9,0
수락산,2015-01-15 19:00,3.3,1.3,0
수락산,2015-01-15 20:00,0.3,0.6,0
수락산,2015-01-15 21:00,-0.2,1.2,0
수락산,2015-01-15 22:00,-0.7,0,0
수락산,2015-01-15 23:00,-1.2,0,0
수락산,2015-01-16 0:00,-2.3,0.3,0
수락산,2015-01-16 1:00,-2.3,0.1,0
수락산,2015-01-16 2:00,-2.4,0.2,0
수락산,2015-01-16 3:00,-1.8,0.6,0
수락산,2015-01-16 4:00,-1.3,0.6,0
수락산,2015-01-16 5:00,-0.6,1,0
수락산,2015-01-16 6:00,0.1,0.9,0
수락산,2015-01-16 7:00,0.5,1.1,0
수락산,2015-01-16 8:00,0.6,0.8,0
수락산,2015-01-16 9:00,0.5,1.1,0
수락산,2015-01-16 10:00,1.2,1.1,0
수락산,2015-01-16 11:00,1.5,2.2,0
수락산,2015-01-16 12:00,2.3,2,0
수락산,2015-01-16 13:00,3.1,2,0
수락산,2015-01-16 14:00,2.6,2.7,0
수락산,2015-01-16 15:00,1.4,2,0
수락산,2015-01-16 16:00,1.1,2.5,0
수락산,2015-01-16 17:00,1.1,2.2,0
수락산,2015-01-16 18:00,0.6,1.5,0
수락산,2015-01-16 19:00,0.1,1.5,0
수락산,2015-01-16 20:00,-0.2,2.9,0
수락산,2015-01-16 21:00,-1.1,3.4,0
수락산,2015-01-16 22:00,-2.4,3.2,0
수락산,2015-01-16 23:00,-2.3,1.3,0
수락산,2015-01-17 0:00,-2.6,3,0
수락산,2015-01-17 1:00,-3.3,3.7,0
수락산,2015-01-17 2:00,-4.2,3.6,0
수락산,2015-01-17 3:00,-5.3,2.1,0
수락산,2015-01-17 4:00,-5.8,2.3,0
수락산,2015-01-17 5:00,-6.6,2.2,0
수락산,2015-01-17 6:00,-7,1.9,0
수락산,2015-01-17 7:00,-7.8,1.3,0
수락산,2015-01-17 8:00,-7.7,1.8,0
수락산,2015-01-17 9:00,-6.9,1.4,0
수락산,2015-01-17 10:00,-5.6,2,0
수락산,2015-01-17 11:00,-3.6,2.6,0
수락산,2015-01-17 12:00,-1.8,2.6,0
수락산,2015-01-17 13:00,-2.1,3.7,0
수락산,2015-01-17 14:00,-1.4,2.2,0
수락산,2015-01-17 15:00,-0.4,3.1,0
수락산,2015-01-17 16:00,-1,2.6,0
수락산,2015-01-17 17:00,-1.6,1.2,0
수락산,2015-01-17 18:00,-2.6,1.1,0
수락산,2015-01-17 19:00,-3,1.4,0
수락산,2015-01-17 20:00,-4.4,0.7,0
수락산,2015-01-17 21:00,-5,0,0
수락산,2015-01-17 22:00,-6.9,0,0
수락산,2015-01-17 23:00,-6.9,0,0
수락산,2015-01-18 0:00,-8.3,0.7,0
수락산,2015-01-18 1:00,-8.3,0.3,0
수락산,2015-01-18 2:00,-8.7,0.1,0
수락산,2015-01-18 3:00,-9.1,0.4,0
수락산,2015-01-18 4:00,-9.3,0.2,0
수락산,2015-01-18 5:00,-10.1,0.1,0
수락산,2015-01-18 6:00,-9.7,1.1,0
수락산,2015-01-18 7:00,-7.7,0.3,0
수락산,2015-01-18 8:00,-7.1,0.7,0
수락산,2015-01-18 9:00,-5.7,0.6,0
수락산,2015-01-18 10:00,-3.9,0.6,0
수락산,2015-01-18 11:00,-2.2,0.9,0
수락산,2015-01-18 12:00,-0.7,1.6,0
수락산,2015-01-18 13:00,0,1.3,0
수락산,2015-01-18 14:00,0.2,1.7,0
수락산,2015-01-18 15:00,0.8,1.9,0
수락산,2015-01-18 16:00,0.7,2.1,0
수락산,2015-01-18 17:00,-0.6,1.5,0
수락산,2015-01-18 18:00,-0.7,1.7,0
수락산,2015-01-18 19:00,-0.9,2,0.5
수락산,2015-01-18 20:00,-0.4,1.9,1
수락산,2015-01-18 21:00,-0.2,1.3,2
수락산,2015-01-18 22:00,0.8,1.6,1
수락산,2015-01-18 23:00,1.4,2.3,0
수락산,2015-01-19 0:00,1.4,2.6,0
수락산,2015-01-19 1:00,1.5,2,0
수락산,2015-01-19 2:00,1.3,1.2,0
수락산,2015-01-19 3:00,1.3,1.9,0
수락산,2015-01-19 4:00,0.9,2,0
수락산,2015-01-19 5:00,1,2.2,0
수락산,2015-01-19 6:00,0,1.2,0
수락산,2015-01-19 7:00,-0.8,1.3,0
수락산,2015-01-19 8:00,-2,0,0
수락산,2015-01-19 9:00,-1.1,0.1,0
수락산,2015-01-19 10:00,0.9,1.4,0
수락산,2015-01-19 11:00,1.6,2.6,0
수락산,2015-01-19 12:00,2,3.4,0
수락산,2015-01-19 13:00,2.1,3.4,0
수락산,2015-01-19 14:00,2.1,2.8,0
수락산,2015-01-19 15:00,0.9,3.6,0
수락산,2015-01-19 16:00,0.9,2.6,0
수락산,2015-01-19 17:00,-0.3,3.4,0
수락산,2015-01-19 18:00,-1.6,1.7,0
수락산,2015-01-19 19:00,-2.1,2.1,0
수락산,2015-01-19 20:00,-2.9,1,0
수락산,2015-01-19 21:00,-3.6,0.7,0
수락산,2015-01-19 22:00,-6,0.4,0
수락산,2015-01-19 23:00,-5.2,0.7,0
수락산,2015-01-20 0:00,-5.3,0,0
수락산,2015-01-20 1:00,-6.8,0,0
수락산,2015-01-20 2:00,-7.9,0.1,0
수락산,2015-01-20 3:00,-8.3,0,0
수락산,2015-01-20 4:00,-9.1,0.2,0
수락산,2015-01-20 5:00,-9.7,0,0
수락산,2015-01-20 6:00,-9.4,0,0
수락산,2015-01-20 7:00,-10,0,0
수락산,2015-01-20 8:00,-9.8,0,0
수락산,2015-01-20 9:00,-8.2,0,0
수락산,2015-01-20 10:00,-5.5,0,0
수락산,2015-01-20 11:00,-2.5,0.5,0
수락산,2015-01-20 12:00,-0.8,0.4,0
수락산,2015-01-20 13:00,0.1,0.9,0
수락산,2015-01-20 14:00,2,0.5,0
수락산,2015-01-20 15:00,2.3,0.5,0
수락산,2015-01-20 16:00,2.7,0.8,0
수락산,2015-01-20 17:00,2,0.6,0
수락산,2015-01-20 18:00,0.3,0.1,0
수락산,2015-01-20 19:00,-0.1,0.2,0
수락산,2015-01-20 20:00,-0.3,0.2,0
수락산,2015-01-20 21:00,-0.3,0.2,0
수락산,2015-01-20 22:00,-0.8,0,0
수락산,2015-01-20 23:00,-1.2,1.1,0
수락산,2015-01-21 0:00,-1.8,0.1,0
수락산,2015-01-21 1:00,-2.1,0,0
수락산,2015-01-21 2:00,-3.1,0,0
수락산,2015-01-21 3:00,-3,0.5,0
수락산,2015-01-21 4:00,-3.2,0.8,0
수락산,2015-01-21 5:00,-3.9,0,0
수락산,2015-01-21 6:00,-3.5,0.5,0
수락산,2015-01-21 7:00,-3.9,0,0
수락산,2015-01-21 8:00,-4.4,0,0
수락산,2015-01-21 9:00,-2.5,0,0
수락산,2015-01-21 10:00,-1.1,0.4,0
수락산,2015-01-21 11:00,0.4,0.4,0
수락산,2015-01-21 12:00,2,0.9,0
수락산,2015-01-21 13:00,3.8,0.8,0
수락산,2015-01-21 14:00,4.6,0.2,0
수락산,2015-01-21 15:00,5.4,0.3,0
수락산,2015-01-21 16:00,5.4,0.4,0
수락산,2015-01-21 17:00,4.4,0.3,0
수락산,2015-01-21 18:00,2.8,0,0
수락산,2015-01-21 19:00,2,0.7,0
수락산,2015-01-21 20:00,1.2,0,0
수락산,2015-01-21 21:00,0.9,0,0
수락산,2015-01-21 22:00,0.1,0.1,0
수락산,2015-01-21 23:00,0.4,0,0
수락산,2015-01-22 0:00,0.7,0.3,0
수락산,2015-01-22 1:00,0.3,0.1,0
수락산,2015-01-22 2:00,-0.1,0.1,0
수락산,2015-01-22 3:00,0.3,1,0
수락산,2015-01-22 4:00,-0.8,0,0
수락산,2015-01-22 5:00,-0.5,0,0
수락산,2015-01-22 6:00,-0.9,0,0
수락산,2015-01-22 7:00,-0.2,1,0
수락산,2015-01-22 8:00,-0.1,0,0
수락산,2015-01-22 9:00,0.4,0,0
수락산,2015-01-22 10:00,1.9,0.5,0
수락산,2015-01-22 11:00,3.2,2.1,0
수락산,2015-01-22 12:00,3.8,1.4,0
수락산,2015-01-22 13:00,4.7,0.9,0
수락산,2015-01-22 14:00,5.4,1.2,0
수락산,2015-01-22 15:00,5.8,1.5,0
수락산,2015-01-22 16:00,6.3,1,0
수락산,2015-01-22 17:00,5.8,1.5,0
수락산,2015-01-22 18:00,2.7,0.1,0
수락산,2015-01-22 19:00,2.3,0.6,0
수락산,2015-01-22 20:00,0.6,0.2,0
수락산,2015-01-22 21:00,-0.2,0,0
수락산,2015-01-22 22:00,-1.5,0.8,0
수락산,2015-01-22 23:00,-1.8,0,0
수락산,2015-01-23 0:00,-1.8,0,0
수락산,2015-01-23 1:00,-2.6,0,0
수락산,2015-01-23 2:00,-3.2,0,0
수락산,2015-01-23 3:00,-3.6,0,0
수락산,2015-01-23 4:00,-4.2,0.1,0
수락산,2015-01-23 5:00,-4.8,0,0
수락산,2015-01-23 6:00,-4.8,0,0
수락산,2015-01-23 7:00,-5.2,0.1,0
수락산,2015-01-23 8:00,-5.4,0,0
수락산,2015-01-23 9:00,-3.9,0.8,0
수락산,2015-01-23 10:00,-0.5,0.6,0
수락산,2015-01-23 11:00,2.3,1.6,0
수락산,2015-01-23 12:00,3.3,2.2,0
수락산,2015-01-23 13:00,4.2,2.6,0
수락산,2015-01-23 14:00,3.5,1.9,0
수락산,2015-01-23 15:00,4.1,2,0
수락산,2015-01-23 16:00,3.7,1.7,0
수락산,2015-01-23 17:00,2.9,0.9,0
수락산,2015-01-23 18:00,1.6,0.4,0
수락산,2015-01-23 19:00,1.2,1.2,0
수락산,2015-01-23 20:00,0,0.4,0
수락산,2015-01-23 21:00,-0.1,0.2,0
수락산,2015-01-23 22:00,-0.3,0.1,0
수락산,2015-01-23 23:00,-0.3,0.1,0
수락산,2015-01-24 0:00,-0.8,0,0
수락산,2015-01-24 1:00,-0.5,0,0
수락산,2015-01-24 2:00,-0.9,0,0
수락산,2015-01-24 3:00,-0.7,0.1,0
수락산,2015-01-24 4:00,-0.8,0,0
수락산,2015-01-24 5:00,-1.4,1.2,0
수락산,2015-01-24 6:00,-2.1,0.2,0
수락산,2015-01-24 7:00,-2.4,0.3,0
수락산,2015-01-24 8:00,-2.2,0,0
수락산,2015-01-24 9:00,-1.1,0,0
수락산,2015-01-24 10:00,1.5,0,0
수락산,2015-01-24 11:00,3.2,0.2,0
수락산,2015-01-24 12:00,5.5,0.8,0
수락산,2015-01-24 13:00,6.1,2,0
수락산,2015-01-24 14:00,7.3,2,0
수락산,2015-01-24 15:00,7.3,2.2,0
수락산,2015-01-24 16:00,6.6,1.9,0
수락산,2015-01-24 17:00,5.4,1.4,0
수락산,2015-01-24 18:00,4.2,0.8,0
수락산,2015-01-24 19:00,2,0,0
수락산,2015-01-24 20:00,1.4,0.2,0
수락산,2015-01-24 21:00,0.6,0.1,0
수락산,2015-01-24 22:00,0,0,0
수락산,2015-01-24 23:00,-0.7,0,0
수락산,2015-01-25 0:00,-0.7,0,0
수락산,2015-01-25 1:00,-1.1,1.1,0
수락산,2015-01-25 2:00,-1.1,0.1,0
수락산,2015-01-25 3:00,-1.1,0,0
수락산,2015-01-25 4:00,-1.9,0.9,0
수락산,2015-01-25 5:00,-1.8,0.6,0
수락산,2015-01-25 6:00,-2.1,1.1,0
수락산,2015-01-25 7:00,-1.6,0,0
수락산,2015-01-25 8:00,-2.2,1.5,0
수락산,2015-01-25 9:00,-0.3,0.2,0
수락산,2015-01-25 10:00,0.2,0.5,0
수락산,2015-01-25 11:00,1.8,0,0
수락산,2015-01-25 12:00,4.3,2.4,0
수락산,2015-01-25 13:00,4.8,1.5,0
수락산,2015-01-25 14:00,5.2,2.3,0
수락산,2015-01-25 15:00,3.9,1.8,0
수락산,2015-01-25 16:00,3.2,0.8,0
수락산,2015-01-25 17:00,2.6,0.6,0
수락산,2015-01-25 18:00,2.3,0,0.5
수락산,2015-01-25 19:00,2.2,0,0
수락산,2015-01-25 20:00,2.2,0,1.5
수락산,2015-01-25 21:00,2.3,0,0.5
수락산,2015-01-25 22:00,2.6,1,0.5
수락산,2015-01-25 23:00,2.4,0.6,0.5
수락산,2015-01-26 0:00,2.4,1.4,0
수락산,2015-01-26 1:00,2.1,0,0.5
수락산,2015-01-26 2:00,2.3,0,0.5
수락산,2015-01-26 3:00,2.4,0,0
수락산,2015-01-26 4:00,2.4,0,0
수락산,2015-01-26 5:00,2.3,0,0
수락산,2015-01-26 6:00,2.4,0.1,0
수락산,2015-01-26 7:00,2.5,0.3,0
수락산,2015-01-26 8:00,2.4,0,0
수락산,2015-01-26 9:00,2.7,0.1,0
수락산,2015-01-26 10:00,2.9,0,0
수락산,2015-01-26 11:00,3.7,0,0
수락산,2015-01-26 12:00,4.5,0.2,0
수락산,2015-01-26 13:00,5.4,1,0
수락산,2015-01-26 14:00,5.6,3.1,0
수락산,2015-01-26 15:00,5.8,1.6,0
수락산,2015-01-26 16:00,6.2,1.1,0
수락산,2015-01-26 17:00,5.6,1.5,0
수락산,2015-01-26 18:00,4.3,1.2,0
수락산,2015-01-26 19:00,3,1.8,0
수락산,2015-01-26 20:00,1.5,2.7,0
수락산,2015-01-26 21:00,0.5,2.1,0
수락산,2015-01-26 22:00,0.2,2.2,0
수락산,2015-01-26 23:00,0.7,1.3,0
수락산,2015-01-27 0:00,0.7,1.3,0
수락산,2015-01-27 1:00,0.5,2.7,0
수락산,2015-01-27 2:00,0.1,2.4,0
수락산,2015-01-27 3:00,-1.1,1.1,0
수락산,2015-01-27 4:00,-2,1.6,0
수락산,2015-01-27 5:00,-2.2,1.9,0
수락산,2015-01-27 6:00,-2.8,1.7,0
수락산,2015-01-27 7:00,-3.7,2.2,0
수락산,2015-01-27 8:00,-5.1,3.1,0
수락산,2015-01-27 9:00,-4.9,2.6,0
수락산,2015-01-27 10:00,-4.4,2.7,0
수락산,2015-01-27 11:00,-3.3,2.2,0
수락산,2015-01-27 12:00,-1.8,2.5,0
수락산,2015-01-27 13:00,-1.4,1.8,0
수락산,2015-01-27 14:00,-0.8,2.3,0
수락산,2015-01-27 15:00,-0.2,2.3,0
수락산,2015-01-27 16:00,-0.8,2.6,0
수락산,2015-01-27 17:00,-1.9,2.1,0
수락산,2015-01-27 18:00,-3,1.9,0
수락산,2015-01-27 19:00,-4,2,0
수락산,2015-01-27 20:00,-4.7,2.5,0
수락산,2015-01-27 21:00,-5.7,2.5,0
수락산,2015-01-27 22:00,-6.6,2,0
수락산,2015-01-27 23:00,-7.1,2.1,0
수락산,2015-01-28 0:00,-7.4,1.8,0
수락산,2015-01-28 1:00,-7.8,0.4,0
수락산,2015-01-28 2:00,-7.9,1.9,0
수락산,2015-01-28 3:00,-9.1,1,0
수락산,2015-01-28 4:00,-8.9,1.7,0
수락산,2015-01-28 5:00,-9.2,0.7,0
수락산,2015-01-28 6:00,-9.7,1.5,0
수락산,2015-01-28 7:00,-9.7,2.3,0
수락산,2015-01-28 8:00,-9.5,1.3,0
수락산,2015-01-28 9:00,-8.5,1.2,0
수락산,2015-01-28 10:00,-7,1.4,0
수락산,2015-01-28 11:00,-4.9,1,0
수락산,2015-01-28 12:00,-2.4,1.1,0
수락산,2015-01-28 13:00,-1.3,1.4,0
수락산,2015-01-28 14:00,0.5,0.4,0
수락산,2015-01-28 15:00,1.4,1,0
수락산,2015-01-28 16:00,1.7,1.4,0
수락산,2015-01-28 17:00,0.3,1.3,0
수락산,2015-01-28 18:00,-1.2,3,0
수락산,2015-01-28 19:00,-2.4,0.5,0
수락산,2015-01-28 20:00,-3.6,0.6,0
수락산,2015-01-28 21:00,-4.1,0.1,0
수락산,2015-01-28 22:00,-5.1,0.2,0
수락산,2015-01-28 23:00,-5.9,0,0
수락산,2015-01-29 0:00,-6.8,0.2,0
수락산,2015-01-29 1:00,-6.8,0.1,0
수락산,2015-01-29 2:00,-7.5,0.5,0
수락산,2015-01-29 3:00,-7,0.5,0
수락산,2015-01-29 4:00,-7.1,0.7,0
수락산,2015-01-29 5:00,-6.6,0.5,0
수락산,2015-01-29 6:00,-6.2,0,0
수락산,2015-01-29 7:00,-6.1,0.7,0
수락산,2015-01-29 8:00,-5.7,0,0
수락산,2015-01-29 9:00,-4.6,0,0
수락산,2015-01-29 10:00,-3.4,0.1,0
수락산,2015-01-29 11:00,-1.8,0.4,0
수락산,2015-01-29 12:00,-0.9,0.2,0
수락산,2015-01-29 13:00,0.1,0.9,0
수락산,2015-01-29 14:00,1.4,0.7,0
수락산,2015-01-29 15:00,2,0.2,0
수락산,2015-01-29 16:00,2.2,1,0
수락산,2015-01-29 17:00,1.6,2,0
수락산,2015-01-29 18:00,1,0.3,0
수락산,2015-01-29 19:00,0.7,2.6,0
수락산,2015-01-29 20:00,-0.9,1,0
수락산,2015-01-29 21:00,-0.9,0.3,0
수락산,2015-01-29 22:00,-1.9,0,0
수락산,2015-01-29 23:00,-1.4,2.7,0
수락산,2015-01-30 0:00,-1.7,2.4,0
수락산,2015-01-30 1:00,-2.5,1.5,0
수락산,2015-01-30 2:00,-3.5,1,0
수락산,2015-01-30 3:00,-4.8,0.4,0
수락산,2015-01-30 4:00,-5,0.1,0
수락산,2015-01-30 5:00,-5,0.1,0
수락산,2015-01-30 6:00,-4.4,0,0
수락산,2015-01-30 7:00,-4.4,0,0
수락산,2015-01-30 8:00,-5.2,0.5,0
수락산,2015-01-30 9:00,-3.7,1.5,0
수락산,2015-01-30 10:00,-2.8,1.7,0
수락산,2015-01-30 11:00,-2.1,3.9,0
수락산,2015-01-30 12:00,-0.8,2.8,0
수락산,2015-01-30 13:00,-0.6,3.4,0
수락산,2015-01-30 14:00,-0.3,2.7,0
수락산,2015-01-30 15:00,0.6,2.8,0
수락산,2015-01-30 16:00,-0.2,3,0
수락산,2015-01-30 17:00,-1.4,3,0
수락산,2015-01-30 18:00,-2.4,2.4,0
수락산,2015-01-30 19:00,-3.4,3.1,0
수락산,2015-01-30 20:00,-4.7,2.9,0
수락산,2015-01-30 21:00,-5.6,1.7,0
수락산,2015-01-30 22:00,-6.5,2.3,0
수락산,2015-01-30 23:00,-7.4,1.6,0
수락산,2015-01-31 0:00,-7.9,1.2,0
수락산,2015-01-31 1:00,-8.2,0,0
수락산,2015-01-31 2:00,-8.3,0.6,0
수락산,2015-01-31 3:00,-8.8,0.1,0
수락산,2015-01-31 4:00,-9.9,0.1,0
수락산,2015-01-31 5:00,-10.1,0.1,0
수락산,2015-01-31 6:00,-10.7,0,0
수락산,2015-01-31 7:00,-11.2,0,0
수락산,2015-01-31 8:00,-11.6,0,0
수락산,2015-01-31 9:00,-8.5,0,0
수락산,2015-01-31 10:00,-6.3,1.1,0
수락산,2015-01-31 11:00,-5.4,1.5,0
수락산,2015-01-31 12:00,-3.3,1.5,0
수락산,2015-01-31 13:00,-1.9,1.4,0
수락산,2015-01-31 14:00,-0.9,1.9,0
수락산,2015-01-31 15:00,-0.2,1.8,0
수락산,2015-01-31 16:00,-0.1,1.6,0
수락산,2015-01-31 17:00,-1,1.4,0
수락산,2015-01-31 18:00,-2.5,1.1,0
수락산,2015-01-31 19:00,-3.4,1.3,0
수락산,2015-01-31 20:00,-3.8,1.5,0
수락산,2015-01-31 21:00,-4.4,1,0
수락산,2015-01-31 22:00,-6,0.8,0
수락산,2015-01-31 23:00,-5.2,1.3,0
수락산,2015-02-01 0:00,-6.6,0.9,0
수락산,2015-02-01 1:00,-6.7,0.3,0
수락산,2015-02-01 2:00,-7.7,0,0
수락산,2015-02-01 3:00,-9.1,0,0
수락산,2015-02-01 4:00,-9.4,0,0
수락산,2015-02-01 5:00,-10.1,0.1,0
수락산,2015-02-01 6:00,-10.5,0.2,0
수락산,2015-02-01 7:00,-10.4,0,0
수락산,2015-02-01 8:00,-10.5,0,0
수락산,2015-02-01 9:00,-8,1.1,0
수락산,2015-02-01 10:00,-5.3,1,0
수락산,2015-02-01 11:00,-2.6,0.3,0
수락산,2015-02-01 12:00,-1.1,1.5,0
수락산,2015-02-01 13:00,0.6,0.9,0
수락산,2015-02-01 14:00,2,1.2,0
수락산,2015-02-01 15:00,2.4,0.7,0
수락산,2015-02-01 16:00,2.2,0.7,0
수락산,2015-02-01 17:00,1.3,1.3,0
수락산,2015-02-01 18:00,-0.1,1.8,0
수락산,2015-02-01 19:00,-1.8,0.7,0
수락산,2015-02-01 20:00,-2.9,0,0
수락산,2015-02-01 21:00,-3.4,0.1,0
수락산,2015-02-01 22:00,-4.6,0,0
수락산,2015-02-01 23:00,-4.9,0,0
수락산,2015-02-02 0:00,-5.6,0,0
수락산,2015-02-02 1:00,-6.6,0,0
수락산,2015-02-02 2:00,-6.8,0,0
수락산,2015-02-02 3:00,-7.7,0,0
수락산,2015-02-02 4:00,-7.7,0,0
수락산,2015-02-02 5:00,-8,0,0
수락산,2015-02-02 6:00,-8,0,0
수락산,2015-02-02 7:00,-7.7,0,0
수락산,2015-02-02 8:00,-7.8,0,0
수락산,2015-02-02 9:00,-5.9,0,0
수락산,2015-02-02 10:00,-3.8,0.3,0
수락산,2015-02-02 11:00,-0.8,0.5,0
수락산,2015-02-02 12:00,1.9,0.5,0
수락산,2015-02-02 13:00,3,1.3,0
수락산,2015-02-02 14:00,4,1,0
수락산,2015-02-02 15:00,5,0.8,0
수락산,2015-02-02 16:00,5.1,0.7,0
수락산,2015-02-02 17:00,2.6,0.6,0
수락산,2015-02-02 18:00,1.8,0.3,0
수락산,2015-02-02 19:00,0.3,0,0
수락산,2015-02-02 20:00,-1.4,0,0
수락산,2015-02-02 21:00,-2.3,0,0
수락산,2015-02-02 22:00,-2.3,0,0
수락산,2015-02-02 23:00,-3.8,0,0
수락산,2015-02-03 0:00,-4.5,0,0
수락산,2015-02-03 1:00,-5.3,0.1,0
수락산,2015-02-03 2:00,-5.9,0.1,0
수락산,2015-02-03 3:00,-5.4,0,0
수락산,2015-02-03 4:00,-7,0,0
수락산,2015-02-03 5:00,-6.8,0,0
수락산,2015-02-03 6:00,-6.8,0,0
수락산,2015-02-03 7:00,-6.7,0,0
수락산,2015-02-03 8:00,-6.3,0,0
수락산,2015-02-03 9:00,-4.6,0.7,0
수락산,2015-02-03 10:00,-1.5,0.7,0
수락산,2015-02-03 11:00,1.4,1.1,0
수락산,2015-02-03 12:00,3.9,1.1,0
수락산,2015-02-03 13:00,4.4,0.4,0
수락산,2015-02-03 14:00,5.8,0.9,0
수락산,2015-02-03 15:00,5.4,1.2,0
수락산,2015-02-03 16:00,5.4,0.6,0
수락산,2015-02-03 17:00,4.1,1.3,0
수락산,2015-02-03 18:00,2.3,0.7,0
수락산,2015-02-03 19:00,1.8,1.2,0
수락산,2015-02-03 20:00,-1.4,0.5,0
수락산,2015-02-03 21:00,-2.2,0.1,0
수락산,2015-02-03 22:00,-2,0,0
수락산,2015-02-03 23:00,-2.8,0,0
수락산,2015-02-04 0:00,-3.1,0,0
수락산,2015-02-04 1:00,-4.3,0,0
수락산,2015-02-04 2:00,-4.6,0,0
수락산,2015-02-04 3:00,-5.3,0,0
수락산,2015-02-04 4:00,-5.6,0,0
수락산,2015-02-04 5:00,-6,0.3,0
수락산,2015-02-04 6:00,-6,0,0
수락산,2015-02-04 7:00,-7,0,0
수락산,2015-02-04 8:00,-6.6,0,0
수락산,2015-02-04 9:00,-4.9,0,0
수락산,2015-02-04 10:00,-1.7,0,0
수락산,2015-02-04 11:00,0.4,1.3,0
수락산,2015-02-04 12:00,2.5,0.9,0
수락산,2015-02-04 13:00,4.1,1.2,0
수락산,2015-02-04 14:00,4.8,1.4,0
수락산,2015-02-04 15:00,4.5,0.9,0
수락산,2015-02-04 16:00,4.8,1.7,0
수락산,2015-02-04 17:00,3.4,2.1,0
수락산,2015-02-04 18:00,2.4,0.9,0
수락산,2015-02-04 19:00,1.1,0.9,0
수락산,2015-02-04 20:00,-0.2,0.3,0
수락산,2015-02-04 21:00,-0.1,0.4,0
수락산,2015-02-04 22:00,-2.1,0,0
수락산,2015-02-04 23:00,-2.5,0.2,0
수락산,2015-02-05 0:00,-1.8,0,0
수락산,2015-02-05 1:00,-2.5,0.7,0
수락산,2015-02-05 2:00,-2.9,0,0
수락산,2015-02-05 3:00,-3.5,0.1,0
수락산,2015-02-05 4:00,-3.9,0.2,0
수락산,2015-02-05 5:00,-4.9,0,0
수락산,2015-02-05 6:00,-5.4,0,0
수락산,2015-02-05 7:00,-5.2,1.3,0
수락산,2015-02-05 8:00,-5.5,0,0
수락산,2015-02-05 9:00,-3.4,0,0
수락산,2015-02-05 10:00,-1.8,1.1,0
수락산,2015-02-05 11:00,0,1.7,0
수락산,2015-02-05 12:00,2.1,0.5,0
수락산,2015-02-05 13:00,3.4,1.7,0
수락산,2015-02-05 14:00,4.2,1.5,0
수락산,2015-02-05 15:00,4.6,2.8,0
수락산,2015-02-05 16:00,4.3,1.9,0
수락산,2015-02-05 17:00,2.8,2.1,0
수락산,2015-02-05 18:00,1.6,1.3,0
수락산,2015-02-05 19:00,0.4,0.8,0
수락산,2015-02-05 20:00,-0.4,0.9,0
수락산,2015-02-05 21:00,-0.9,1.1,0
수락산,2015-02-05 22:00,-1.7,0.8,0
수락산,2015-02-05 23:00,-3.2,0.4,0
수락산,2015-02-06 0:00,-3.8,,0
수락산,2015-02-06 1:00,-4.4,0.1,0
수락산,2015-02-06 2:00,-3.9,0.7,0
수락산,2015-02-06 3:00,-5.3,0.4,0
수락산,2015-02-06 4:00,-5.8,0,0
수락산,2015-02-06 5:00,-6.4,0.1,0
수락산,2015-02-06 6:00,-6.9,1.4,0
수락산,2015-02-06 7:00,-7.3,0,0
수락산,2015-02-06 8:00,-7,0.6,0
수락산,2015-02-06 9:00,-4.1,0,0
수락산,2015-02-06 10:00,-1.4,1.4,0
수락산,2015-02-06 11:00,1.3,1.4,0
수락산,2015-02-06 12:00,2.3,1.1,0
수락산,2015-02-06 13:00,5,1.6,0
수락산,2015-02-06 14:00,5.3,1.5,0
수락산,2015-02-06 15:00,5.9,1.4,0
수락산,2015-02-06 16:00,5.3,1.7,0
수락산,2015-02-06 17:00,3.9,2,0
수락산,2015-02-06 18:00,2.4,1.3,0
수락산,2015-02-06 19:00,0.9,1,0
수락산,2015-02-06 20:00,-0.9,0.7,0
수락산,2015-02-06 21:00,-1.9,0,0
수락산,2015-02-06 22:00,-2.3,0.5,0
수락산,2015-02-06 23:00,-2.9,0.9,0
수락산,2015-02-07 0:00,-3.1,0,0
수락산,2015-02-07 1:00,-3.2,0,0
수락산,2015-02-07 2:00,-3.5,0,0
수락산,2015-02-07 3:00,-4.1,0.5,0
수락산,2015-02-07 4:00,-3.9,0,0
수락산,2015-02-07 5:00,-4.6,0.7,0
수락산,2015-02-07 6:00,-4.5,0,0
수락산,2015-02-07 7:00,-3.8,0.4,0
수락산,2015-02-07 8:00,-3.1,0,0
수락산,2015-02-07 9:00,-1.9,0,0
수락산,2015-02-07 10:00,0,1.1,0
수락산,2015-02-07 11:00,1.6,0.6,0
수락산,2015-02-07 12:00,3.1,1.1,0
수락산,2015-02-07 13:00,3.8,0.8,0
수락산,2015-02-07 14:00,5.4,2.1,0
수락산,2015-02-07 15:00,4.7,2.3,0
수락산,2015-02-07 16:00,3.1,2.1,0
수락산,2015-02-07 17:00,3.7,0.7,0
수락산,2015-02-07 18:00,3.1,1.3,0
수락산,2015-02-07 19:00,2.4,0.9,0
수락산,2015-02-07 20:00,2.7,2.1,0
수락산,2015-02-07 21:00,2.3,2.5,0
수락산,2015-02-07 22:00,1.4,2.1,0
수락산,2015-02-07 23:00,-0.9,1.9,0
수락산,2015-02-08 0:00,-2.5,3,0
수락산,2015-02-08 1:00,-4.5,3,0
수락산,2015-02-08 2:00,-6.2,3.7,0
수락산,2015-02-08 3:00,-7.3,3.9,0
수락산,2015-02-08 4:00,-9,2.9,0
수락산,2015-02-08 5:00,-10.6,2.4,0
수락산,2015-02-08 6:00,-11.3,4.1,0
수락산,2015-02-08 7:00,-11.9,3.6,0
수락산,2015-02-08 8:00,-12.2,2.8,0
수락산,2015-02-08 9:00,-11.3,2.5,0
수락산,2015-02-08 10:00,-10.5,4.3,0
수락산,2015-02-08 11:00,-9.5,3.1,0
수락산,2015-02-08 12:00,-8.4,3.1,0
수락산,2015-02-08 13:00,-7.7,3.7,0
수락산,2015-02-08 14:00,-6.8,3.7,0
수락산,2015-02-08 15:00,-6.8,4,0
수락산,2015-02-08 16:00,-6.5,3.4,0
수락산,2015-02-08 17:00,-8,3.9,0
수락산,2015-02-08 18:00,-8.9,3,0
수락산,2015-02-08 19:00,-10,3.1,0
수락산,2015-02-08 20:00,-10.6,3.5,0
수락산,2015-02-08 21:00,-11.2,2.8,0
수락산,2015-02-08 22:00,-11.6,1.8,0
수락산,2015-02-08 23:00,-11.7,2.2,0
수락산,2015-02-09 0:00,-12.4,0.7,0
수락산,2015-02-09 1:00,-13,0.5,0
수락산,2015-02-09 2:00,-13.6,0.1,0
수락산,2015-02-09 3:00,-13.2,0.4,0
수락산,2015-02-09 4:00,-13.2,1,0
수락산,2015-02-09 5:00,-14.3,0.1,0
수락산,2015-02-09 6:00,-14,0.4,0
수락산,2015-02-09 7:00,-15.2,0.2,0
수락산,2015-02-09 8:00,-14.8,0.6,0
수락산,2015-02-09 9:00,-11.7,0.7,0
수락산,2015-02-09 10:00,-9.3,1.2,0
수락산,2015-02-09 11:00,-7.1,1.5,0
수락산,2015-02-09 12:00,-3.3,2,0
수락산,2015-02-09 13:00,-2.5,3.3,0
수락산,2015-02-09 14:00,-1.3,3.2,0
수락산,2015-02-09 15:00,-0.9,1.6,0
수락산,2015-02-09 16:00,-0.8,1.6,0
수락산,2015-02-09 17:00,0.2,3.2,0
수락산,2015-02-09 18:00,-0.4,2.8,0
수락산,2015-02-09 19:00,-1,2,0
수락산,2015-02-09 20:00,-1.8,1.7,0
수락산,2015-02-09 21:00,-1.6,1.8,0
수락산,2015-02-09 22:00,-2.2,1,0
수락산,2015-02-09 23:00,-3,0.3,0
수락산,2015-02-10 0:00,-4,0.1,0
수락산,2015-02-10 1:00,-5.1,0.3,0
수락산,2015-02-10 2:00,-5.2,0.2,0
수락산,2015-02-10 3:00,-5.7,0,0
수락산,2015-02-10 4:00,-5.4,0.8,0
수락산,2015-02-10 5:00,-5.4,0.5,0
수락산,2015-02-10 6:00,-5.6,0.9,0
수락산,2015-02-10 7:00,-5.2,0.8,0
수락산,2015-02-10 8:00,-5.7,0,0
수락산,2015-02-10 9:00,-3.6,0.1,0
수락산,2015-02-10 10:00,-0.4,0.6,0
수락산,2015-02-10 11:00,1.9,0.8,0
수락산,2015-02-10 12:00,3.9,2.2,0
수락산,2015-02-10 13:00,5.2,1.5,0
수락산,2015-02-10 14:00,5.1,2.3,0
수락산,2015-02-10 15:00,5.3,2.2,0
수락산,2015-02-10 16:00,5.1,2.6,0
수락산,2015-02-10 17:00,4.3,2.2,0
수락산,2015-02-10 18:00,3.2,1.4,0
수락산,2015-02-10 19:00,2.9,2.1,0
수락산,2015-02-10 20:00,2.7,2.2,0
수락산,2015-02-10 21:00,2.4,1.9,0
수락산,2015-02-10 22:00,1.8,1.3,0
수락산,2015-02-10 23:00,1.5,0.8,0
수락산,2015-02-11 0:00,1.3,1,0
수락산,2015-02-11 1:00,0.7,0.6,0
수락산,2015-02-11 2:00,0,0,0
수락산,2015-02-11 3:00,-0.9,0.3,0
수락산,2015-02-11 4:00,-0.5,1.1,0
수락산,2015-02-11 5:00,-0.8,0.1,0
수락산,2015-02-11 6:00,-1.1,0,0
수락산,2015-02-11 7:00,-1.8,0,0
수락산,2015-02-11 8:00,-1.9,0,0
수락산,2015-02-11 9:00,-0.7,0,0
수락산,2015-02-11 10:00,2,1.4,0
수락산,2015-02-11 11:00,3.7,1,0
수락산,2015-02-11 12:00,5.2,1.6,0
수락산,2015-02-11 13:00,6.2,2.1,0
수락산,2015-02-11 14:00,6.7,1.7,0
수락산,2015-02-11 15:00,7,1.5,0
수락산,2015-02-11 16:00,6.4,2.6,0
수락산,2015-02-11 17:00,5.1,1.6,0
수락산,2015-02-11 18:00,4,1.5,0
수락산,2015-02-11 19:00,2.1,0.2,0
수락산,2015-02-11 20:00,0.9,0.5,0
수락산,2015-02-11 21:00,0.5,0.7,0
수락산,2015-02-11 22:00,-0.3,0.5,0
수락산,2015-02-11 23:00,-1.1,0.8,0
수락산,2015-02-12 0:00,-1.5,0.7,0
수락산,2015-02-12 1:00,-2,0.9,0
수락산,2015-02-12 2:00,-3.6,0.3,0
수락산,2015-02-12 3:00,-3.6,0.6,0
수락산,2015-02-12 4:00,-3.9,0.7,0
수락산,2015-02-12 5:00,-3.7,1.5,0
수락산,2015-02-12 6:00,-4.1,2.8,0
수락산,2015-02-12 7:00,-5.2,1.3,0
수락산,2015-02-12 8:00,-4.9,2.4,0
수락산,2015-02-12 9:00,-2.9,2.3,0
수락산,2015-02-12 10:00,-1.5,3.9,0
수락산,2015-02-12 11:00,-0.3,3.1,0
수락산,2015-02-12 12:00,1.6,2.3,0
수락산,2015-02-12 13:00,0.3,4.7,0
수락산,2015-02-12 14:00,1.3,3.9,0
수락산,2015-02-12 15:00,1.6,3.9,0
수락산,2015-02-12 16:00,1.4,3,0
수락산,2015-02-12 17:00,-0.4,4.2,0
수락산,2015-02-12 18:00,-1.6,2.6,0
수락산,2015-02-12 19:00,-2.2,3.1,0
수락산,2015-02-12 20:00,-2.8,2.1,0
수락산,2015-02-12 21:00,-3.5,2.3,0
수락산,2015-02-12 22:00,-3.7,3.1,0
수락산,2015-02-12 23:00,-4.9,1.3,0
수락산,2015-02-13 0:00,-5.3,0.9,0
수락산,2015-02-13 1:00,-5.5,0.9,0
수락산,2015-02-13 2:00,-6.2,0.3,0
수락산,2015-02-13 3:00,-7.5,0.4,0
수락산,2015-02-13 4:00,-7.6,0,0
수락산,2015-02-13 5:00,-7.3,0.1,0
수락산,2015-02-13 6:00,-6.9,0.3,0
수락산,2015-02-13 7:00,-7.5,0.1,0
수락산,2015-02-13 8:00,-8.9,0.6,0
수락산,2015-02-13 9:00,-4.4,0.1,0
수락산,2015-02-13 10:00,-2,1.2,0
수락산,2015-02-13 11:00,-0.6,3.7,0
수락산,2015-02-13 12:00,1.3,2.8,0
수락산,2015-02-13 13:00,2,3.9,0
수락산,2015-02-13 14:00,3.3,2.8,0
수락산,2015-02-13 15:00,3.2,2.3,0
수락산,2015-02-13 16:00,2.7,2.9,0
수락산,2015-02-13 17:00,1.6,2.4,0
수락산,2015-02-13 18:00,0.5,2.6,0
수락산,2015-02-13 19:00,-0.2,1,0
수락산,2015-02-13 20:00,-0.6,1.8,0
수락산,2015-02-13 21:00,-0.8,0.8,0
수락산,2015-02-13 22:00,-1.8,0.9,0
수락산,2015-02-13 23:00,-1.8,1.3,0
수락산,2015-02-14 0:00,-2.2,1.2,0
수락산,2015-02-14 1:00,-3.7,0.4,0
수락산,2015-02-14 2:00,-4.6,0.2,0
수락산,2015-02-14 3:00,-5.1,0,0
수락산,2015-02-14 4:00,-5.3,0.3,0
수락산,2015-02-14 5:00,-6.3,0.5,0
수락산,2015-02-14 6:00,-5.6,0.4,0
수락산,2015-02-14 7:00,-3.9,1.4,0
수락산,2015-02-14 8:00,-2.8,0.5,0
수락산,2015-02-14 9:00,-1.8,0.8,0
수락산,2015-02-14 10:00,-0.3,1,0
수락산,2015-02-14 11:00,1.3,1.1,0
수락산,2015-02-14 12:00,2.1,0.4,0
수락산,2015-02-14 13:00,2.4,1.1,0
수락산,2015-02-14 14:00,2.5,0.7,0
수락산,2015-02-14 15:00,2.6,1.3,0
수락산,2015-02-14 16:00,2.9,0.9,0
수락산,2015-02-14 17:00,3.2,0.2,0
수락산,2015-02-14 18:00,3,1.3,0
수락산,2015-02-14 19:00,3.1,1.3,0
수락산,2015-02-14 20:00,3.4,0.7,0
수락산,2015-02-14 21:00,4.1,0.9,0
수락산,2015-02-14 22:00,4.4,0.4,0
수락산,2015-02-14 23:00,4.1,0.5,0
수락산,2015-02-15 0:00,3.4,0.7,0
수락산,2015-02-15 1:00,3.9,0.7,0
수락산,2015-02-15 2:00,3.8,1.4,0
수락산,2015-02-15 3:00,3.9,0.8,0
수락산,2015-02-15 4:00,3.2,0,0
수락산,2015-02-15 5:00,3,0.1,0
수락산,2015-02-15 6:00,2.9,0,0
수락산,2015-02-15 7:00,2.4,0.7,0
수락산,2015-02-15 8:00,2.1,0.5,0
수락산,2015-02-15 9:00,3.5,0.8,0
수락산,2015-02-15 10:00,6.4,1.4,0
수락산,2015-02-15 11:00,8.6,2.1,0
수락산,2015-02-15 12:00,9.6,2.5,0
수락산,2015-02-15 13:00,11.4,1.6,0
수락산,2015-02-15 14:00,11.3,2,0
수락산,2015-02-15 15:00,11.8,2.1,0
수락산,2015-02-15 16:00,11.6,1.1,0
수락산,2015-02-15 17:00,11.6,1.2,0
수락산,2015-02-15 18:00,9.4,0.5,0
수락산,2015-02-15 19:00,8,0,0
수락산,2015-02-15 20:00,6.9,0.6,0
수락산,2015-02-15 21:00,8.2,0.9,0
수락산,2015-02-15 22:00,8.2,1.1,0
수락산,2015-02-15 23:00,7.6,1.4,0
수락산,2015-02-16 0:00,7.3,1.2,0
수락산,2015-02-16 1:00,6.9,0.9,0
수락산,2015-02-16 2:00,5.5,0.8,0
수락산,2015-02-16 3:00,4.6,0.9,0.5
수락산,2015-02-16 4:00,4.6,1,0
수락산,2015-02-16 5:00,4.2,0.2,0
수락산,2015-02-16 6:00,4.3,0.5,0
수락산,2015-02-16 7:00,4.2,0.1,0.5
수락산,2015-02-16 8:00,4.7,1.7,0
수락산,2015-02-16 9:00,5,1.2,0
수락산,2015-02-16 10:00,5.2,1.2,0.5
수락산,2015-02-16 11:00,5.2,1,0
수락산,2015-02-16 12:00,5.1,0.6,1
수락산,2015-02-16 13:00,4.9,0.7,1
수락산,2015-02-16 14:00,4.7,1.3,0.5
수락산,2015-02-16 15:00,4.6,1.1,1
수락산,2015-02-16 16:00,4.3,1.2,1
수락산,2015-02-16 17:00,4.1,1.1,0
수락산,2015-02-16 18:00,3.7,1.8,1
수락산,2015-02-16 19:00,3.5,1.8,0.5
수락산,2015-02-16 20:00,3.4,1.6,0.5
수락산,2015-02-16 21:00,3.4,0.9,0
수락산,2015-02-16 22:00,3.3,0.9,0
수락산,2015-02-16 23:00,3.4,1.7,0
수락산,2015-02-17 0:00,3.2,0.2,0
수락산,2015-02-17 1:00,3.6,0.8,0
수락산,2015-02-17 2:00,3.6,0.8,0
수락산,2015-02-17 3:00,3,2.9,0
수락산,2015-02-17 4:00,2.6,1.4,0
수락산,2015-02-17 5:00,2.4,1,0
수락산,2015-02-17 6:00,2.1,1.6,0
수락산,2015-02-17 7:00,1.6,2.3,0
수락산,2015-02-17 8:00,1.2,1,0
수락산,2015-02-17 9:00,0.8,0.7,0
수락산,2015-02-17 10:00,1.4,2,0
수락산,2015-02-17 11:00,2,2.8,0
수락산,2015-02-17 12:00,2.2,2.6,0
수락산,2015-02-17 13:00,2.9,1.6,0
수락산,2015-02-17 14:00,2.4,2,0
수락산,2015-02-17 15:00,2.3,1.6,0
수락산,2015-02-17 16:00,2.4,1.2,0
수락산,2015-02-17 17:00,2.5,0.4,0
수락산,2015-02-17 18:00,2.1,0.7,0
수락산,2015-02-17 19:00,2,1,0
수락산,2015-02-17 20:00,1.1,0.5,0
수락산,2015-02-17 21:00,0.9,1.4,0
수락산,2015-02-17 22:00,0.7,1,0
수락산,2015-02-17 23:00,0.8,0.7,0
수락산,2015-02-18 0:00,0.1,0.4,0
수락산,2015-02-18 1:00,0.3,1.7,0
수락산,2015-02-18 2:00,0.2,1.5,0
수락산,2015-02-18 3:00,-0.1,1.5,0
수락산,2015-02-18 4:00,-0.4,1.1,0
수락산,2015-02-18 5:00,-0.9,0.8,0
수락산,2015-02-18 6:00,-1,0.8,0
수락산,2015-02-18 7:00,-1.1,1,0
수락산,2015-02-18 8:00,-0.7,0,0
수락산,2015-02-18 9:00,-0.2,0.4,0
수락산,2015-02-18 10:00,-0.1,0.6,0
수락산,2015-02-18 11:00,0.7,1.1,0
수락산,2015-02-18 12:00,1.4,1,0
수락산,2015-02-18 13:00,1.7,1.4,0
수락산,2015-02-18 14:00,1.7,1.3,0
수락산,2015-02-18 15:00,1.8,1.6,0
수락산,2015-02-18 16:00,1.6,2.2,0
수락산,2015-02-18 17:00,1.2,1.9,0
수락산,2015-02-18 18:00,1.2,1,0
수락산,2015-02-18 19:00,1.4,2.5,0
수락산,2015-02-18 20:00,1.1,0.6,0
수락산,2015-02-18 21:00,-0.4,0.2,0
수락산,2015-02-18 22:00,-0.9,0,0
수락산,2015-02-18 23:00,-1.5,0.4,0
수락산,2015-02-19 0:00,-2.2,0,0
수락산,2015-02-19 1:00,-2.8,0,0
수락산,2015-02-19 2:00,-3.3,0,0
수락산,2015-02-19 3:00,-3.2,0,0
수락산,2015-02-19 4:00,-3.8,0.6,0
수락산,2015-02-19 5:00,-3.7,0,0
수락산,2015-02-19 6:00,-4.4,0,0
수락산,2015-02-19 7:00,-4.3,0.1,0
수락산,2015-02-19 8:00,-4.1,0.3,0
수락산,2015-02-19 9:00,-2.1,0,0
수락산,2015-02-19 10:00,0.6,0.1,0
수락산,2015-02-19 11:00,2.3,0.9,0
수락산,2015-02-19 12:00,4.6,0.9,0
수락산,2015-02-19 13:00,5.9,1.9,0
수락산,2015-02-19 14:00,6.2,1.8,0
수락산,2015-02-19 15:00,6.9,1.3,0
수락산,2015-02-19 16:00,6.9,1.2,0
수락산,2015-02-19 17:00,6.4,0.8,0
수락산,2015-02-19 18:00,4.8,0.7,0
수락산,2015-02-19 19:00,3.5,1.3,0
수락산,2015-02-19 20:00,2.5,0.5,0
수락산,2015-02-19 21:00,0.7,0.4,0
수락산,2015-02-19 22:00,-0.6,0,0
수락산,2015-02-19 23:00,-1.3,0,0
수락산,2015-02-20 0:00,-1.8,0,0
수락산,2015-02-20 1:00,-2.4,0.7,0
수락산,2015-02-20 2:00,-2.7,0,0
수락산,2015-02-20 3:00,-3.1,0,0
수락산,2015-02-20 4:00,-3.6,0,0
수락산,2015-02-20 5:00,-3.6,0,0
수락산,2015-02-20 6:00,-4.3,0,0
수락산,2015-02-20 7:00,-4.3,0,0
수락산,2015-02-20 8:00,-4,0,0
수락산,2015-02-20 9:00,-1,0,0
수락산,2015-02-20 10:00,2.3,0.5,0
수락산,2015-02-20 11:00,5.9,1.9,0
수락산,2015-02-20 12:00,6.6,2.5,0
수락산,2015-02-20 13:00,6.6,1.3,0
수락산,2015-02-20 14:00,7.8,0.9,0
수락산,2015-02-20 15:00,9,2.1,0
수락산,2015-02-20 16:00,9.2,1.3,0
수락산,2015-02-20 17:00,8.8,1.3,0
수락산,2015-02-20 18:00,8.2,1.1,0
수락산,2015-02-20 19:00,6.5,0.5,0
수락산,2015-02-20 20:00,5.7,0.4,0
수락산,2015-02-20 21:00,4.9,0,0
수락산,2015-02-20 22:00,5.1,0,0
수락산,2015-02-20 23:00,4.6,0,0
수락산,2015-02-21 0:00,3.6,0.3,0
수락산,2015-02-21 1:00,3.5,1.2,0
수락산,2015-02-21 2:00,3.5,0.1,0
수락산,2015-02-21 3:00,3.4,0,0
수락산,2015-02-21 4:00,3,0,0
수락산,2015-02-21 5:00,2.7,0.5,0
수락산,2015-02-21 6:00,5.4,0.3,0
수락산,2015-02-21 7:00,5.2,1.1,0
수락산,2015-02-21 8:00,5,0.8,0
수락산,2015-02-21 9:00,5.7,1.3,0
수락산,2015-02-21 10:00,5.5,1.9,0
수락산,2015-02-21 11:00,4.6,1,0.5
수락산,2015-02-21 12:00,4.9,1.3,0
수락산,2015-02-21 13:00,4.5,1.5,2
수락산,2015-02-21 14:00,4.5,2.2,1.5
수락산,2015-02-21 15:00,4.8,1.4,0.5
수락산,2015-02-21 16:00,5,2,0.5
수락산,2015-02-21 17:00,5.1,1.9,0
수락산,2015-02-21 18:00,4.8,0.4,0.5
수락산,2015-02-21 19:00,5.4,0.9,0
수락산,2015-02-21 20:00,5.9,1.8,0
수락산,2015-02-21 21:00,5.6,0.6,0.5
수락산,2015-02-21 22:00,5.7,0.7,0.5
수락산,2015-02-21 23:00,5.9,0.8,0.5
수락산,2015-02-22 0:00,6.2,1.1,0
수락산,2015-02-22 1:00,6.4,1.2,0.5
수락산,2015-02-22 2:00,6.3,0.3,0.5
수락산,2015-02-22 3:00,5.9,0,0.5
수락산,2015-02-22 4:00,6.2,0,0
수락산,2015-02-22 5:00,6.4,0.3,0
수락산,2015-02-22 6:00,6.3,0.7,0
수락산,2015-02-22 7:00,6,1.7,0
수락산,2015-02-22 8:00,5.2,2.5,0
수락산,2015-02-22 9:00,5,1.5,0
수락산,2015-02-22 10:00,4.1,1.5,0
수락산,2015-02-22 11:00,4.5,1.7,0
수락산,2015-02-22 12:00,3.7,1.2,0
수락산,2015-02-22 13:00,5.9,1.2,0
수락산,2015-02-22 14:00,4.6,3.6,0
수락산,2015-02-22 15:00,5.4,3.1,0
수락산,2015-02-22 16:00,6,2.2,0
수락산,2015-02-22 17:00,3.8,2.1,0
수락산,2015-02-22 18:00,2.5,2.3,0
수락산,2015-02-22 19:00,1.4,2.4,0
수락산,2015-02-22 20:00,0.6,1.8,0
수락산,2015-02-22 21:00,0.2,1.4,0
수락산,2015-02-22 22:00,-0.1,1.7,0
수락산,2015-02-22 23:00,-0.6,1.7,0
수락산,2015-02-23 0:00,-0.7,1.8,0
수락산,2015-02-23 1:00,-1.3,1.9,0
수락산,2015-02-23 2:00,-1.6,1.2,0
수락산,2015-02-23 3:00,-2,1.3,0
수락산,2015-02-23 4:00,-2.4,0.5,0
수락산,2015-02-23 5:00,-3.1,0.1,0
수락산,2015-02-23 6:00,-3.5,0,0
수락산,2015-02-23 7:00,-3.6,0.3,0
수락산,2015-02-23 8:00,-3.4,0,0
수락산,2015-02-23 9:00,-2.3,0.8,0
수락산,2015-02-23 10:00,0,1.2,0
수락산,2015-02-23 11:00,1,1.1,0
수락산,2015-02-23 12:00,2.8,1.3,0
수락산,2015-02-23 13:00,3.9,1.5,0
수락산,2015-02-23 14:00,4.3,2.4,0
수락산,2015-02-23 15:00,5.5,2.4,0
수락산,2015-02-23 16:00,4.9,2.3,0
수락산,2015-02-23 17:00,3.9,2.6,0
수락산,2015-02-23 18:00,2.7,1.5,0
수락산,2015-02-23 19:00,1.2,1.4,0
수락산,2015-02-23 20:00,0.6,1.3,0
수락산,2015-02-23 21:00,-0.1,0.5,0
수락산,2015-02-23 22:00,-1.4,0.7,0
수락산,2015-02-23 23:00,-1.6,0.3,0
수락산,2015-02-24 0:00,-2.1,0.8,0
수락산,2015-02-24 1:00,-2.4,0.8,0
수락산,2015-02-24 2:00,-2.9,1.1,0
수락산,2015-02-24 3:00,-3.2,0.4,0
수락산,2015-02-24 4:00,-3.6,0.8,0
수락산,2015-02-24 5:00,-3.9,0.6,0
수락산,2015-02-24 6:00,-3.9,0.3,0
수락산,2015-02-24 7:00,-4.5,0,0
수락산,2015-02-24 8:00,-3.9,0.7,0
수락산,2015-02-24 9:00,-1.1,0,0
수락산,2015-02-24 10:00,1.4,0.5,0
수락산,2015-02-24 11:00,3.4,1.6,0
수락산,2015-02-24 12:00,3.8,1.1,0
수락산,2015-02-24 13:00,4.9,1.8,0
수락산,2015-02-24 14:00,6.1,2.6,0
수락산,2015-02-24 15:00,6.1,1.9,0
수락산,2015-02-24 16:00,6.2,0.9,0
수락산,2015-02-24 17:00,5.4,1.6,0
수락산,2015-02-24 18:00,3.9,1.5,0
수락산,2015-02-24 19:00,2.2,1,0
수락산,2015-02-24 20:00,1.6,0.8,0
수락산,2015-02-24 21:00,0,0.6,0
수락산,2015-02-24 22:00,-0.8,0.2,0
수락산,2015-02-24 23:00,-1.2,0.1,0
수락산,2015-02-25 0:00,-1.5,0.4,0
수락산,2015-02-25 1:00,-1.7,0,0
수락산,2015-02-25 2:00,-1.4,0,0
수락산,2015-02-25 3:00,-1.4,0,0
수락산,2015-02-25 4:00,-2.1,0,0
수락산,2015-02-25 5:00,-1.5,0.8,0
수락산,2015-02-25 6:00,-1.2,0,0
수락산,2015-02-25 7:00,-1.7,0.7,0
수락산,2015-02-25 8:00,-1.1,0.4,0
수락산,2015-02-25 9:00,1.1,0,0
수락산,2015-02-25 10:00,2.8,1.1,0
수락산,2015-02-25 11:00,5.8,2.2,0
수락산,2015-02-25 12:00,7.2,2.2,0
수락산,2015-02-25 13:00,8.5,2.3,0
수락산,2015-02-25 14:00,10.3,3.1,0
수락산,2015-02-25 15:00,11.4,1.5,0
수락산,2015-02-25 16:00,10.9,2.6,0
수락산,2015-02-25 17:00,10.3,1.3,0
수락산,2015-02-25 18:00,9.5,1.3,0
수락산,2015-02-25 19:00,7.3,2.2,0
수락산,2015-02-25 20:00,7,1.3,0
수락산,2015-02-25 21:00,6.6,1.8,0
수락산,2015-02-25 22:00,4.8,1.8,0
수락산,2015-02-25 23:00,3,1.4,0
수락산,2015-02-26 0:00,3.3,0.9,0
수락산,2015-02-26 1:00,2.9,0.7,1
수락산,2015-02-26 2:00,3,0.8,0
수락산,2015-02-26 3:00,3.4,1,0
수락산,2015-02-26 4:00,3.2,2.5,0
수락산,2015-02-26 5:00,2.7,0.9,0
수락산,2015-02-26 6:00,2.1,1.4,0
수락산,2015-02-26 7:00,1.5,2.2,0
수락산,2015-02-26 8:00,1.3,1.7,0
수락산,2015-02-26 9:00,1.4,2.1,0
수락산,2015-02-26 10:00,1.6,3,0
수락산,2015-02-26 11:00,3.2,3.5,0
수락산,2015-02-26 12:00,3.8,3.7,0
수락산,2015-02-26 13:00,2.9,3.5,0
수락산,2015-02-26 14:00,3.4,4.1,0
수락산,2015-02-26 15:00,3.1,4.5,0
수락산,2015-02-26 16:00,2.8,4.5,0
수락산,2015-02-26 17:00,1.6,2.8,0
수락산,2015-02-26 18:00,-0.2,3.3,0
수락산,2015-02-26 19:00,-1.3,,0
수락산,2015-02-26 20:00,-2.3,4.1,0
수락산,2015-02-26 21:00,-3.2,3.2,0
수락산,2015-02-26 22:00,-3.7,,0
수락산,2015-02-26 23:00,-3.9,1.9,0
수락산,2015-02-27 0:00,-4.2,1.6,0
수락산,2015-02-27 1:00,-4.5,1.8,0
수락산,2015-02-27 2:00,-4,2.3,0
수락산,2015-02-27 3:00,-4.9,1.9,0
수락산,2015-02-27 4:00,-4.7,2.9,0
수락산,2015-02-27 5:00,-5.3,1.6,0
수락산,2015-02-27 6:00,-5.8,1.7,0
수락산,2015-02-27 7:00,-6.1,1.9,0
수락산,2015-02-27 8:00,-5.7,3,0
수락산,2015-02-27 9:00,-4.7,3.5,0
수락산,2015-02-27 10:00,-3.6,2.5,0
수락산,2015-02-27 11:00,-2.1,2.2,0
수락산,2015-02-27 12:00,-1.6,2.2,0
수락산,2015-02-27 13:00,-0.7,1.7,0
수락산,2015-02-27 14:00,0.7,2,0
수락산,2015-02-27 15:00,1.6,2.1,0
수락산,2015-02-27 16:00,1.9,1.7,0
수락산,2015-02-27 17:00,1.4,2.3,0
수락산,2015-02-27 18:00,0.6,1.1,0
수락산,2015-02-27 19:00,0,1.4,0
수락산,2015-02-27 20:00,-0.6,0.4,0
수락산,2015-02-27 21:00,-1.9,0.2,0
수락산,2015-02-27 22:00,-1.5,1,0
수락산,2015-02-27 23:00,-2.4,0,0
수락산,2015-02-28 0:00,-2.7,0,0
수락산,2015-02-28 1:00,-2.9,0,0
수락산,2015-02-28 2:00,-3.5,0,0
수락산,2015-02-28 3:00,-4.3,0,0
수락산,2015-02-28 4:00,-4.4,0,0
수락산,2015-02-28 5:00,-3.7,0,0
수락산,2015-02-28 6:00,-3.7,0,0
수락산,2015-02-28 7:00,-3.7,0.7,0
수락산,2015-02-28 8:00,-2.6,0.3,0
수락산,2015-02-28 9:00,-1,1.2,0
수락산,2015-02-28 10:00,2.4,0.8,0
수락산,2015-02-28 11:00,3.5,1.9,0
수락산,2015-02-28 12:00,3.9,2.2,0
수락산,2015-02-28 13:00,4.8,1.8,0
수락산,2015-02-28 14:00,5,2.3,0
수락산,2015-02-28 15:00,5.2,2,0
수락산,2015-02-28 16:00,5.6,1.5,0
수락산,2015-02-28 17:00,5.5,1,0
수락산,2015-02-28 18:00,4.9,0.8,0
수락산,2015-02-28 19:00,3.8,0.6,0
수락산,2015-02-28 20:00,3.1,0.5,0
수락산,2015-02-28 21:00,2.7,0,0
수락산,2015-02-28 22:00,2.5,0,0
수락산,2015-02-28 23:00,2.2,0,0
수락산,2015-03-01 0:00,2.7,0.8,0
수락산,2015-03-01 1:00,2.7,0.8,0
수락산,2015-03-01 2:00,1.4,0.2,0
수락산,2015-03-01 3:00,2.1,0.7,0
수락산,2015-03-01 4:00,1.6,3.5,0
수락산,2015-03-01 5:00,1.1,2.4,0
수락산,2015-03-01 6:00,0.7,1.3,0
수락산,2015-03-01 7:00,0.6,0.3,0
수락산,2015-03-01 8:00,0.7,0.9,0
수락산,2015-03-01 9:00,1,1.7,0
수락산,2015-03-01 10:00,2.1,1.3,0
수락산,2015-03-01 11:00,3.7,2,0
수락산,2015-03-01 12:00,4.2,2.8,0
수락산,2015-03-01 13:00,5,3.3,0
수락산,2015-03-01 14:00,4.8,3.4,0
수락산,2015-03-01 15:00,5.2,3.3,0
수락산,2015-03-01 16:00,4.6,2.9,0
수락산,2015-03-01 17:00,3.8,2.4,0
수락산,2015-03-01 18:00,3.6,2.3,0
수락산,2015-03-01 19:00,2.6,1.5,0
수락산,2015-03-01 20:00,1.8,1.4,0
수락산,2015-03-01 21:00,1,1.9,0
수락산,2015-03-01 22:00,0.4,0.7,0
수락산,2015-03-01 23:00,-0.7,0.1,0
수락산,2015-03-02 0:00,-1.6,0.3,0
수락산,2015-03-02 1:00,-2.7,0.7,0
수락산,2015-03-02 2:00,-3.2,0,0
수락산,2015-03-02 3:00,-3.5,0.7,0
수락산,2015-03-02 4:00,-4.2,0,0
수락산,2015-03-02 5:00,-4.5,0,0
수락산,2015-03-02 6:00,-4.7,0.2,0
수락산,2015-03-02 7:00,-4.9,1.2,0
수락산,2015-03-02 8:00,-3.3,1,0
수락산,2015-03-02 9:00,0.3,0.9,0
수락산,2015-03-02 10:00,3,2,0
수락산,2015-03-02 11:00,4.7,1.9,0
수락산,2015-03-02 12:00,6.1,1.8,0
수락산,2015-03-02 13:00,8,1.4,0
수락산,2015-03-02 14:00,8.2,2.2,0
수락산,2015-03-02 15:00,8.3,3.2,0
수락산,2015-03-02 16:00,8.2,2.6,0
수락산,2015-03-02 17:00,7.5,1.8,0
수락산,2015-03-02 18:00,6.3,2.3,0
수락산,2015-03-02 19:00,3.9,0.4,0
수락산,2015-03-02 20:00,3.3,0.7,0
수락산,2015-03-02 21:00,3.6,0.4,0
수락산,2015-03-02 22:00,2.3,0.9,0
수락산,2015-03-02 23:00,1.9,0.9,0
수락산,2015-03-03 0:00,2,0.1,0
수락산,2015-03-03 1:00,2.2,0.4,0
수락산,2015-03-03 2:00,1.9,0.7,0
수락산,2015-03-03 3:00,2.7,1,0
수락산,2015-03-03 4:00,2.6,1,0
수락산,2015-03-03 5:00,2.5,0.8,0
수락산,2015-03-03 6:00,3.7,0.8,0
수락산,2015-03-03 7:00,2.8,2.4,0
수락산,2015-03-03 8:00,1,2.3,0
수락산,2015-03-03 9:00,0.6,2.3,0
수락산,2015-03-03 10:00,1.9,0.5,0
수락산,2015-03-03 11:00,3.2,2.6,0
수락산,2015-03-03 12:00,3.8,3.1,0
수락산,2015-03-03 13:00,5.3,2.4,0
수락산,2015-03-03 14:00,4.7,0.7,0
수락산,2015-03-03 15:00,4,0.9,0
수락산,2015-03-03 16:00,2.8,1,0
수락산,2015-03-03 17:00,2.7,1.4,1
수락산,2015-03-03 18:00,2.6,0.8,0.5
수락산,2015-03-03 19:00,2.6,0.9,0.5
수락산,2015-03-03 20:00,1.9,2.1,0
수락산,2015-03-03 21:00,1.4,2.3,0
수락산,2015-03-03 22:00,0,4.6,0
수락산,2015-03-03 23:00,-1.1,3.5,0
수락산,2015-03-04 0:00,-2,4.3,0
수락산,2015-03-04 1:00,-2.9,4.4,0
수락산,2015-03-04 2:00,-3.4,3.5,0
수락산,2015-03-04 3:00,-3.9,2.6,0
수락산,2015-03-04 4:00,-4.2,2.8,0
수락산,2015-03-04 5:00,-5.2,1.7,0
수락산,2015-03-04 6:00,-4.8,2.8,0
수락산,2015-03-04 7:00,-4.8,2.7,0
수락산,2015-03-04 8:00,-3.9,2.1,0
수락산,2015-03-04 9:00,-2.7,3.2,0
수락산,2015-03-04 10:00,-1.5,3.9,0
수락산,2015-03-04 11:00,-0.7,3.6,0
수락산,2015-03-04 12:00,0.8,3,0
수락산,2015-03-04 13:00,0.5,4.3,0
수락산,2015-03-04 14:00,1.2,4.8,0
수락산,2015-03-04 15:00,1,4.2,0
수락산,2015-03-04 16:00,0.5,4.2,0
수락산,2015-03-04 17:00,-0.2,2.7,0
수락산,2015-03-04 18:00,-1.1,2.8,0
수락산,2015-03-04 19:00,-2,2.9,0
수락산,2015-03-04 20:00,-2.4,1.5,0
수락산,2015-03-04 21:00,-2.6,1.9,0
수락산,2015-03-04 22:00,-3.1,1,0
수락산,2015-03-04 23:00,-4,0.1,0
수락산,2015-03-05 0:00,-5,0.3,0
수락산,2015-03-05 1:00,-5.5,0.4,0
수락산,2015-03-05 2:00,-6.2,0.5,0
수락산,2015-03-05 3:00,-6.4,0.3,0
수락산,2015-03-05 4:00,-6.5,0,0
수락산,2015-03-05 5:00,-6.8,0.5,0
수락산,2015-03-05 6:00,-6.8,0.7,0
수락산,2015-03-05 7:00,-7.4,0,0
수락산,2015-03-05 8:00,-5.8,0.8,0
수락산,2015-03-05 9:00,-2.9,0.4,0
수락산,2015-03-05 10:00,-1,2.3,0
수락산,2015-03-05 11:00,-0.7,1.1,0
수락산,2015-03-05 12:00,0.4,1.3,0
수락산,2015-03-05 13:00,2,1.6,0
수락산,2015-03-05 14:00,3.1,1.9,0
수락산,2015-03-05 15:00,3.6,1.3,0
수락산,2015-03-05 16:00,3.9,1.4,0
수락산,2015-03-05 17:00,3.7,1.8,0
수락산,2015-03-05 18:00,2.4,1.7,0
수락산,2015-03-05 19:00,1.6,1.9,0
수락산,2015-03-05 20:00,-0.1,0.2,0
수락산,2015-03-05 21:00,-1.1,0.4,0
수락산,2015-03-05 22:00,-2,0,0
수락산,2015-03-05 23:00,-2.2,0,0
수락산,2015-03-06 0:00,-3,0.1,0
수락산,2015-03-06 1:00,-4.2,0.1,0
수락산,2015-03-06 2:00,-4.3,0,0
수락산,2015-03-06 3:00,-5,0.3,0
수락산,2015-03-06 4:00,-5.5,0,0
수락산,2015-03-06 5:00,-6,0,0
수락산,2015-03-06 6:00,-6.2,0,0
수락산,2015-03-06 7:00,-6,0.1,0
수락산,2015-03-06 8:00,-4.6,0,0
수락산,2015-03-06 9:00,-1.3,0.3,0
수락산,2015-03-06 10:00,2.7,0.7,0
수락산,2015-03-06 11:00,4.8,1.7,0
수락산,2015-03-06 12:00,6.2,1.5,0
수락산,2015-03-06 13:00,7,2.2,0
수락산,2015-03-06 14:00,8,1.1,0
수락산,2015-03-06 15:00,8.6,2.6,0
수락산,2015-03-06 16:00,8.3,3.2,0
수락산,2015-03-06 17:00,7.6,2.6,0
수락산,2015-03-06 18:00,6.1,1.4,0
수락산,2015-03-06 19:00,4.3,1.4,0
수락산,2015-03-06 20:00,3,0.6,0
수락산,2015-03-06 21:00,0.7,0,0
수락산,2015-03-06 22:00,0.3,0,0
수락산,2015-03-06 23:00,-1.4,0,0
수락산,2015-03-07 0:00,-1.7,0.7,0
수락산,2015-03-07 1:00,-2.9,0.2,0
수락산,2015-03-07 2:00,-3.2,0,0
수락산,2015-03-07 3:00,-3.8,0,0
수락산,2015-03-07 4:00,-4.4,0,0
수락산,2015-03-07 5:00,-5.1,0,0
수락산,2015-03-07 6:00,-5.7,0.2,0
수락산,2015-03-07 7:00,-5.9,0,0
수락산,2015-03-07 8:00,-4,0,0
수락산,2015-03-07 9:00,0,0,0
수락산,2015-03-07 10:00,3.5,0.6,0
수락산,2015-03-07 11:00,5.9,1,0
수락산,2015-03-07 12:00,7.1,1.2,0
수락산,2015-03-07 13:00,8.8,1.7,0
수락산,2015-03-07 14:00,9.5,2.1,0
수락산,2015-03-07 15:00,11.1,2.1,0
수락산,2015-03-07 16:00,10.2,3.6,0
수락산,2015-03-07 17:00,9.6,2.4,0
수락산,2015-03-07 18:00,8.2,2,0
수락산,2015-03-07 19:00,5.6,1.4,0
수락산,2015-03-07 20:00,4.9,0.9,0
수락산,2015-03-07 21:00,3.2,0.5,0
수락산,2015-03-07 22:00,2.4,0,0
수락산,2015-03-07 23:00,0.8,0,0
수락산,2015-03-08 0:00,0.2,0,0
수락산,2015-03-08 1:00,-0.5,0,0
수락산,2015-03-08 2:00,-0.7,0.5,0
수락산,2015-03-08 3:00,-1.6,0,0
수락산,2015-03-08 4:00,-2,0,0
수락산,2015-03-08 5:00,-1.8,0,0
수락산,2015-03-08 6:00,-2.4,0,0
수락산,2015-03-08 7:00,-2.7,0,0
수락산,2015-03-08 8:00,-1.5,0,0
수락산,2015-03-08 9:00,1.6,0.4,0
수락산,2015-03-08 10:00,5.2,0.4,0
수락산,2015-03-08 11:00,9,0.8,0
수락산,2015-03-08 12:00,10.9,2.2,0
수락산,2015-03-08 13:00,12.1,2.2,0
수락산,2015-03-08 14:00,13.2,1.5,0
수락산,2015-03-08 15:00,14.9,1.2,0
수락산,2015-03-08 16:00,13.6,1.2,0
수락산,2015-03-08 17:00,13,2,0
수락산,2015-03-08 18:00,11.3,1.6,0
수락산,2015-03-08 19:00,10.6,1.5,0
수락산,2015-03-08 20:00,9.6,2.2,0
수락산,2015-03-08 21:00,8.5,1,0
수락산,2015-03-08 22:00,7.9,0,0
수락산,2015-03-08 23:00,7.3,0,0
수락산,2015-03-09 0:00,6.4,0.5,0
수락산,2015-03-09 1:00,6.8,1.2,0
수락산,2015-03-09 2:00,6.4,0.4,0
수락산,2015-03-09 3:00,6.8,0.8,0
수락산,2015-03-09 4:00,6.1,0.5,0
수락산,2015-03-09 5:00,5.4,0,0
수락산,2015-03-09 6:00,5.2,0.6,0
수락산,2015-03-09 7:00,5.7,0.8,0
수락산,2015-03-09 8:00,5,1.9,0
수락산,2015-03-09 9:00,5.3,2.8,0
수락산,2015-03-09 10:00,6.3,3.1,0
수락산,2015-03-09 11:00,6.4,3.8,0
수락산,2015-03-09 12:00,7,3.4,0
수락산,2015-03-09 13:00,6.5,4.5,0
수락산,2015-03-09 14:00,6,3.5,0
수락산,2015-03-09 15:00,4.1,5,0
수락산,2015-03-09 16:00,3.6,4.2,0
수락산,2015-03-09 17:00,1.8,4,0
수락산,2015-03-09 18:00,-1.9,5.1,0
수락산,2015-03-09 19:00,-3.7,4.5,0
수락산,2015-03-09 20:00,-4,3.2,0
수락산,2015-03-09 21:00,-4.5,3.3,0
수락산,2015-03-09 22:00,-4.5,3,0
수락산,2015-03-09 23:00,-5,4.4,0
수락산,2015-03-10 0:00,-5.4,4.1,0
수락산,2015-03-10 1:00,-5.8,3.6,0
수락산,2015-03-10 2:00,-6.3,4.5,0
수락산,2015-03-10 3:00,-6.5,3.1,0
수락산,2015-03-10 4:00,-6.5,4.4,0
수락산,2015-03-10 5:00,-6.9,2.3,0
수락산,2015-03-10 6:00,-6.9,3.6,0
수락산,2015-03-10 7:00,-7,3.5,0
수락산,2015-03-10 8:00,-6.3,3.8,0
수락산,2015-03-10 9:00,-5.2,4.8,0
수락산,2015-03-10 10:00,-3.8,5,0
수락산,2015-03-10 11:00,-2.1,4,0
수락산,2015-03-10 12:00,-1.3,3.9,0
수락산,2015-03-10 13:00,-0.7,5.1,0
수락산,2015-03-10 14:00,0.6,4.1,0
수락산,2015-03-10 15:00,0.6,3.4,0
수락산,2015-03-10 16:00,1,2.7,0
수락산,2015-03-10 17:00,0.1,4.3,0
수락산,2015-03-10 18:00,-1.3,4.6,0
수락산,2015-03-10 19:00,-2.2,1.4,0
수락산,2015-03-10 20:00,-2.7,1.9,0
수락산,2015-03-10 21:00,-3.4,3.2,0
수락산,2015-03-10 22:00,-4.2,1.2,0
수락산,2015-03-10 23:00,-5,0.7,0
수락산,2015-03-11 0:00,-4.7,1,0
수락산,2015-03-11 1:00,-5.7,0.6,0
수락산,2015-03-11 2:00,-6.9,0,0
수락산,2015-03-11 3:00,-5.9,0.1,0
수락산,2015-03-11 4:00,-6.7,0,0
수락산,2015-03-11 5:00,-7.6,0.8,0
수락산,2015-03-11 6:00,-8.1,1,0
수락산,2015-03-11 7:00,-6.7,1,0
수락산,2015-03-11 8:00,-4.8,0.6,0
수락산,2015-03-11 9:00,-1.4,1,0
수락산,2015-03-11 10:00,0.8,0.7,0
수락산,2015-03-11 11:00,3.1,2.9,0
수락산,2015-03-11 12:00,4.2,2.9,0
수락산,2015-03-11 13:00,6.8,3.1,0
수락산,2015-03-11 14:00,5.5,4.3,0
수락산,2015-03-11 15:00,3.1,3.8,0
수락산,2015-03-11 16:00,6.7,4.7,0
수락산,2015-03-11 17:00,5.6,4.1,0
수락산,2015-03-11 18:00,3.3,4.1,0
수락산,2015-03-11 19:00,1.7,2.9,0
수락산,2015-03-11 20:00,-0.2,3.2,0
수락산,2015-03-11 21:00,-0.9,2.6,0
수락산,2015-03-11 22:00,-1.5,2,0
수락산,2015-03-11 23:00,-1.4,2,0
수락산,2015-03-12 0:00,-2.7,1.7,0
수락산,2015-03-12 1:00,-2.8,0.9,0
수락산,2015-03-12 2:00,-3,1.1,0
수락산,2015-03-12 3:00,-2.8,1.2,0
수락산,2015-03-12 4:00,-3.6,1.3,0
수락산,2015-03-12 5:00,-3.7,0.6,0
수락산,2015-03-12 6:00,-4.2,0.5,0
수락산,2015-03-12 7:00,-4.4,0.4,0
수락산,2015-03-12 8:00,-3.4,0,0
수락산,2015-03-12 9:00,0.1,0.7,0
수락산,2015-03-12 10:00,2.5,1.6,0
수락산,2015-03-12 11:00,3.8,3.5,0
수락산,2015-03-12 12:00,4.6,2.8,0
수락산,2015-03-12 13:00,5.4,3.8,0
수락산,2015-03-12 14:00,5.8,3.1,0
수락산,2015-03-12 15:00,6.7,3.3,0
수락산,2015-03-12 16:00,5.3,2.9,0
수락산,2015-03-12 17:00,4.8,2.2,0
수락산,2015-03-12 18:00,3.8,1.3,0
수락산,2015-03-12 19:00,2.9,1.6,0
수락산,2015-03-12 20:00,2.2,1.6,0
수락산,2015-03-12 21:00,1.9,0.1,0
수락산,2015-03-12 22:00,2.5,0.5,0
수락산,2015-03-12 23:00,3.1,0.5,0
수락산,2015-03-13 0:00,3.4,0.9,0
수락산,2015-03-13 1:00,3.4,1.2,0
수락산,2015-03-13 2:00,1.2,1.2,1.5
수락산,2015-03-13 3:00,0.9,0.9,0.5
수락산,2015-03-13 4:00,0.8,0.5,0
수락산,2015-03-13 5:00,1.2,0,0
수락산,2015-03-13 6:00,0.4,0.7,0
수락산,2015-03-13 7:00,-0.5,0.8,0
수락산,2015-03-13 8:00,0.3,0,0
수락산,2015-03-13 9:00,2.8,0.3,0
수락산,2015-03-13 10:00,5.3,1.9,0
수락산,2015-03-13 11:00,6.8,2.7,0
수락산,2015-03-13 12:00,8.1,2.2,0
수락산,2015-03-13 13:00,9.6,2.2,0
수락산,2015-03-13 14:00,10.2,3.4,0
수락산,2015-03-13 15:00,10.3,4.7,0
수락산,2015-03-13 16:00,10,3.1,0
수락산,2015-03-13 17:00,9.1,3.1,0
수락산,2015-03-13 18:00,7.4,4.4,0
수락산,2015-03-13 19:00,6,2.2,0
수락산,2015-03-13 20:00,5,2,0
수락산,2015-03-13 21:00,3.3,1.3,0
수락산,2015-03-13 22:00,1.9,0.5,0
수락산,2015-03-13 23:00,1.7,0.3,0
수락산,2015-03-14 0:00,0.5,0.8,0
수락산,2015-03-14 1:00,-0.2,0.7,0
수락산,2015-03-14 2:00,-1.6,0,0
수락산,2015-03-14 3:00,-1.8,0.5,0
수락산,2015-03-14 4:00,-2.6,0.2,0
수락산,2015-03-14 5:00,-1.9,0,0
수락산,2015-03-14 6:00,-3.7,0.1,0
수락산,2015-03-14 7:00,-3.6,0,0
수락산,2015-03-14 8:00,-1.1,0,0
수락산,2015-03-14 9:00,2,1.1,0
수락산,2015-03-14 10:00,3.9,1.7,0
수락산,2015-03-14 11:00,6.7,0.6,0
수락산,2015-03-14 12:00,6.3,0.9,0
수락산,2015-03-14 13:00,9.1,1.7,0
수락산,2015-03-14 14:00,9.1,1.8,0
수락산,2015-03-14 15:00,10.4,2,0
수락산,2015-03-14 16:00,10.2,1.8,0
수락산,2015-03-14 17:00,8.4,3.7,0
수락산,2015-03-14 18:00,6.5,3.4,0
수락산,2015-03-14 19:00,4.7,1.7,0
수락산,2015-03-14 20:00,2.9,0.4,0
수락산,2015-03-14 21:00,1.9,0.5,0
수락산,2015-03-14 22:00,0.3,0.6,0
수락산,2015-03-14 23:00,0.1,0.4,0
수락산,2015-03-15 0:00,-0.8,0,0
수락산,2015-03-15 1:00,-1.8,0.7,0
수락산,2015-03-15 2:00,-2.2,0,0
수락산,2015-03-15 3:00,-2.1,0.1,0
수락산,2015-03-15 4:00,-2.7,0.6,0
수락산,2015-03-15 5:00,-2.5,0.5,0
수락산,2015-03-15 6:00,-2.4,0.6,0
수락산,2015-03-15 7:00,-2.8,0.7,0
수락산,2015-03-15 8:00,-1.4,0,0
수락산,2015-03-15 9:00,1.7,0.5,0
수락산,2015-03-15 10:00,4.8,1.3,0
수락산,2015-03-15 11:00,7.3,1,0
수락산,2015-03-15 12:00,8.5,0.9,0
수락산,2015-03-15 13:00,9.4,1.8,0
수락산,2015-03-15 14:00,11.5,1.7,0
수락산,2015-03-15 15:00,11.7,2.4,0
수락산,2015-03-15 16:00,11.4,3,0
수락산,2015-03-15 17:00,10.2,2.7,0
수락산,2015-03-15 18:00,8.7,2,0
수락산,2015-03-15 19:00,6.7,1.6,0
수락산,2015-03-15 20:00,5.9,1.9,0
수락산,2015-03-15 21:00,5.5,2.5,0
수락산,2015-03-15 22:00,2.9,1.2,0
수락산,2015-03-15 23:00,1.8,0.5,0
수락산,2015-03-16 0:00,1.5,0,0
수락산,2015-03-16 1:00,0.1,0,0
수락산,2015-03-16 2:00,-0.2,0,0
수락산,2015-03-16 3:00,-0.9,0,0
수락산,2015-03-16 4:00,-1.4,0,0
수락산,2015-03-16 5:00,-2,0,0
수락산,2015-03-16 6:00,-2,0,0
수락산,2015-03-16 7:00,-1.9,0,0
수락산,2015-03-16 8:00,-0.4,0.1,0
수락산,2015-03-16 9:00,2.6,0.1,0
수락산,2015-03-16 10:00,6.5,0.8,0
수락산,2015-03-16 11:00,11.1,0.9,0
수락산,2015-03-16 12:00,13.3,1.6,0
수락산,2015-03-16 13:00,14.4,1.8,0
수락산,2015-03-16 14:00,16,1.8,0
수락산,2015-03-16 15:00,17.1,1.2,0
수락산,2015-03-16 16:00,17,1.3,0
수락산,2015-03-16 17:00,16.4,2.3,0
수락산,2015-03-16 18:00,14.5,1.3,0
수락산,2015-03-16 19:00,12.3,0.5,0
수락산,2015-03-16 20:00,10.9,0.1,0
수락산,2015-03-16 21:00,8.3,1.1,0
수락산,2015-03-16 22:00,7.3,0,0
수락산,2015-03-16 23:00,6.2,0,0
수락산,2015-03-17 0:00,5.1,0.2,0
수락산,2015-03-17 1:00,4.8,0,0
수락산,2015-03-17 2:00,3.8,0,0
수락산,2015-03-17 3:00,3.8,0,0
수락산,2015-03-17 4:00,2.6,0,0
수락산,2015-03-17 5:00,2.8,0,0
수락산,2015-03-17 6:00,3.1,0.9,0
수락산,2015-03-17 7:00,3.6,0.3,0
수락산,2015-03-17 8:00,5.8,0,0
수락산,2015-03-17 9:00,8.4,0,0
수락산,2015-03-17 10:00,11,1,0
수락산,2015-03-17 11:00,11.9,0.1,0
수락산,2015-03-17 12:00,13.2,0.4,0
수락산,2015-03-17 13:00,14.2,0.9,0
수락산,2015-03-17 14:00,15.8,1.5,0
수락산,2015-03-17 15:00,15,0.5,0
수락산,2015-03-17 16:00,14.9,0.5,0
수락산,2015-03-17 17:00,13.8,1.3,0
수락산,2015-03-17 18:00,12.8,1.4,0
수락산,2015-03-17 19:00,11.7,0.7,0
수락산,2015-03-17 20:00,10.1,0,0
수락산,2015-03-17 21:00,9.1,0,0
수락산,2015-03-17 22:00,9.2,0.6,0
수락산,2015-03-17 23:00,7.7,0,0
수락산,2015-03-18 0:00,7.8,0,0
수락산,2015-03-18 1:00,7.4,0.7,0
수락산,2015-03-18 2:00,7.3,0,0
수락산,2015-03-18 3:00,6.5,0.1,0
수락산,2015-03-18 4:00,6.9,0.1,0
수락산,2015-03-18 5:00,7,1,0
수락산,2015-03-18 6:00,7.2,0,0
수락산,2015-03-18 7:00,8.8,1.1,0
수락산,2015-03-18 8:00,8.9,0.1,0
수락산,2015-03-18 9:00,9.8,0.4,0
수락산,2015-03-18 10:00,11.8,0.3,0
수락산,2015-03-18 11:00,13.5,2,0
수락산,2015-03-18 12:00,14.5,2.4,0
수락산,2015-03-18 13:00,14.6,2.5,0
수락산,2015-03-18 14:00,14,3,0
수락산,2015-03-18 15:00,13.4,2,0
수락산,2015-03-18 16:00,11.3,2.3,0
수락산,2015-03-18 17:00,10,1.3,0.5
수락산,2015-03-18 18:00,9.6,1.2,0
수락산,2015-03-18 19:00,9,2,0.5
수락산,2015-03-18 20:00,8.9,0.6,0
수락산,2015-03-18 21:00,8.8,0.9,0
수락산,2015-03-18 22:00,8.8,1.3,0
수락산,2015-03-18 23:00,8.6,1,0
수락산,2015-03-19 0:00,8.1,0.4,0
수락산,2015-03-19 1:00,7.9,1,0
수락산,2015-03-19 2:00,7.6,0.4,0
수락산,2015-03-19 3:00,7,0.5,0
수락산,2015-03-19 4:00,5.9,0.4,0
수락산,2015-03-19 5:00,4.4,0,0
수락산,2015-03-19 6:00,3.9,0,0
수락산,2015-03-19 7:00,3.5,0.1,0
수락산,2015-03-19 8:00,5.9,0.8,0
수락산,2015-03-19 9:00,9.1,1.3,0
수락산,2015-03-19 10:00,11.7,0.5,0
수락산,2015-03-19 11:00,14.1,0.9,0
수락산,2015-03-19 12:00,16.2,1.2,0
수락산,2015-03-19 13:00,18.2,1.9,0
수락산,2015-03-19 14:00,19.1,2.1,0
수락산,2015-03-19 15:00,20.3,1.9,0
수락산,2015-03-19 16:00,20.4,1.2,0
수락산,2015-03-19 17:00,20,0.9,0
수락산,2015-03-19 18:00,17.1,2.8,0
수락산,2015-03-19 19:00,14.5,1.5,0
수락산,2015-03-19 20:00,13.1,0.9,0
수락산,2015-03-19 21:00,12,0.8,0
수락산,2015-03-19 22:00,10.5,0.6,0
수락산,2015-03-19 23:00,9.1,0.4,0
수락산,2015-03-20 0:00,9.1,0,0
수락산,2015-03-20 1:00,7.8,0,0
수락산,2015-03-20 2:00,6.6,0,0
수락산,2015-03-20 3:00,6.1,0,0
수락산,2015-03-20 4:00,5.2,0,0
수락산,2015-03-20 5:00,4.5,0.3,0
수락산,2015-03-20 6:00,5.3,0,0
수락산,2015-03-20 7:00,4.7,0,0
수락산,2015-03-20 8:00,7,0,0
수락산,2015-03-20 9:00,10.1,0,0
수락산,2015-03-20 10:00,14.1,0.6,0
수락산,2015-03-20 11:00,17,1,0
수락산,2015-03-20 12:00,18.8,2.1,0
수락산,2015-03-20 13:00,19.9,1.7,0
수락산,2015-03-20 14:00,20.8,1.1,0
수락산,2015-03-20 15:00,21,2.3,0
수락산,2015-03-20 16:00,20.2,2.9,0
수락산,2015-03-20 17:00,18.5,4.2,0
수락산,2015-03-20 18:00,16.6,2.9,0
수락산,2015-03-20 19:00,14.9,1.4,0
수락산,2015-03-20 20:00,13.5,0.7,0
수락산,2015-03-20 21:00,13.2,0.4,0
수락산,2015-03-20 22:00,10.5,0.4,0
수락산,2015-03-20 23:00,9,0.6,0
수락산,2015-03-21 0:00,7.5,0,0
수락산,2015-03-21 1:00,6.6,0.3,0
수락산,2015-03-21 2:00,6.2,0.1,0
수락산,2015-03-21 3:00,5.5,0.7,0
수락산,2015-03-21 4:00,5.2,0,0
수락산,2015-03-21 5:00,3.8,0.2,0
수락산,2015-03-21 6:00,3.2,0,0
수락산,2015-03-21 7:00,4.2,0,0
수락산,2015-03-21 8:00,4.9,0.1,0
수락산,2015-03-21 9:00,8.8,0.7,0
수락산,2015-03-21 10:00,11.7,1.2,0
수락산,2015-03-21 11:00,14.6,1.2,0
수락산,2015-03-21 12:00,16,1.9,0
수락산,2015-03-21 13:00,17.5,1.2,0
수락산,2015-03-21 14:00,17.5,2.9,0
수락산,2015-03-21 15:00,17.7,2.8,0
수락산,2015-03-21 16:00,17,3.2,0
수락산,2015-03-21 17:00,16.3,2.2,0
수락산,2015-03-21 18:00,14.6,0.6,0
수락산,2015-03-21 19:00,12.6,0.4,0
수락산,2015-03-21 20:00,11.9,0.5,0
수락산,2015-03-21 21:00,10.5,1,0
수락산,2015-03-21 22:00,9,0.7,0
수락산,2015-03-21 23:00,6.8,0.5,0
수락산,2015-03-22 0:00,6.4,0.5,0
수락산,2015-03-22 1:00,5.3,0,0
수락산,2015-03-22 2:00,5.8,0.6,0
수락산,2015-03-22 3:00,4.6,0,0
수락산,2015-03-22 4:00,3.6,0,0
수락산,2015-03-22 5:00,2.3,0.9,0
수락산,2015-03-22 6:00,1.4,0.2,0
수락산,2015-03-22 7:00,1.5,0,0
수락산,2015-03-22 8:00,3.7,0,0
수락산,2015-03-22 9:00,7.6,0.6,0
수락산,2015-03-22 10:00,11.5,1.6,0
수락산,2015-03-22 11:00,14.6,4.1,0
수락산,2015-03-22 12:00,15,3.6,0
수락산,2015-03-22 13:00,14.9,3.8,0
수락산,2015-03-22 14:00,14.6,5.9,0
수락산,2015-03-22 15:00,14,5.1,0
수락산,2015-03-22 16:00,12.7,5.7,0
수락산,2015-03-22 17:00,12.4,4.1,0
수락산,2015-03-22 18:00,9.8,4.5,0
수락산,2015-03-22 19:00,7.1,3.5,0
수락산,2015-03-22 20:00,5.2,2.1,0
수락산,2015-03-22 21:00,3.8,2.2,0
수락산,2015-03-22 22:00,3.3,2.2,0
수락산,2015-03-22 23:00,2.6,2.3,0
수락산,2015-03-23 0:00,1.6,0.9,0
수락산,2015-03-23 1:00,0.8,1.9,0
수락산,2015-03-23 2:00,0.1,0.4,0
수락산,2015-03-23 3:00,-0.6,0,0
수락산,2015-03-23 4:00,-1.9,0.1,0
수락산,2015-03-23 5:00,-2.5,0,0
수락산,2015-03-23 6:00,-2.8,0.4,0
수락산,2015-03-23 7:00,-3.3,0,0
수락산,2015-03-23 8:00,1.2,0.3,0
수락산,2015-03-23 9:00,2.9,1.4,0
수락산,2015-03-23 10:00,5.3,3,0
수락산,2015-03-23 11:00,7.2,3.9,0
수락산,2015-03-23 12:00,8,4.2,0
수락산,2015-03-23 13:00,8.7,3.5,0
수락산,2015-03-23 14:00,9.5,3.8,0
수락산,2015-03-23 15:00,10.3,4.3,0
수락산,2015-03-23 16:00,9.7,4.2,0
수락산,2015-03-23 17:00,8.7,4.5,0
수락산,2015-03-23 18:00,7.3,2.8,0
수락산,2015-03-23 19:00,6.1,2.1,0
수락산,2015-03-23 20:00,5.2,2.9,0
수락산,2015-03-23 21:00,4.3,1.7,0
수락산,2015-03-23 22:00,3.2,0.6,0
수락산,2015-03-23 23:00,3.4,2,0
수락산,2015-03-24 0:00,2.3,1.3,0
수락산,2015-03-24 1:00,0.3,0.1,0
수락산,2015-03-24 2:00,-0.7,0.1,0
수락산,2015-03-24 3:00,-1.6,0.8,0
수락산,2015-03-24 4:00,-2.7,0.5,0
수락산,2015-03-24 5:00,-2.8,0,0
수락산,2015-03-24 6:00,-3.3,0,0
수락산,2015-03-24 7:00,-3.1,0,0
수락산,2015-03-24 8:00,-0.1,0,0
수락산,2015-03-24 9:00,2.9,0.9,0
수락산,2015-03-24 10:00,5.8,1.4,0
수락산,2015-03-24 11:00,8.4,1.1,0
수락산,2015-03-24 12:00,9.5,2.4,0
수락산,2015-03-24 13:00,10.3,2,0
수락산,2015-03-24 14:00,11.5,2.7,0
수락산,2015-03-24 15:00,12,2.5,0
수락산,2015-03-24 16:00,12.1,2.8,0
수락산,2015-03-24 17:00,10.6,2.5,0
수락산,2015-03-24 18:00,8.8,2.1,0
수락산,2015-03-24 19:00,5.7,0.7,0
수락산,2015-03-24 20:00,5.2,0.8,0
수락산,2015-03-24 21:00,3.5,0.2,0
수락산,2015-03-24 22:00,2.5,0.2,0
수락산,2015-03-24 23:00,1.5,0,0
수락산,2015-03-25 0:00,0.1,1.2,0
수락산,2015-03-25 1:00,-0.3,0,0
수락산,2015-03-25 2:00,-1.5,0.3,0
수락산,2015-03-25 3:00,-1.8,0,0
수락산,2015-03-25 4:00,-2.3,0.5,0
수락산,2015-03-25 5:00,-2.6,0,0
수락산,2015-03-25 6:00,-2.9,0.2,0
수락산,2015-03-25 7:00,-2.7,0,0
수락산,2015-03-25 8:00,0.4,0,0
수락산,2015-03-25 9:00,3.7,0.9,0
수락산,2015-03-25 10:00,6.5,1.3,0
수락산,2015-03-25 11:00,8.2,1.1,0
수락산,2015-03-25 12:00,10.7,1.8,0
수락산,2015-03-25 13:00,11.5,1.6,0
수락산,2015-03-25 14:00,13,1.6,0
수락산,2015-03-25 15:00,14.1,1.3,0
수락산,2015-03-25 16:00,13.2,1.8,0
수락산,2015-03-25 17:00,13,2.1,0
수락산,2015-03-25 18:00,10.7,2.2,0
수락산,2015-03-25 19:00,8.9,1.4,0
수락산,2015-03-25 20:00,7.8,1.2,0
수락산,2015-03-25 21:00,5.2,1.1,0
수락산,2015-03-25 22:00,4.4,1,0
수락산,2015-03-25 23:00,2.2,0.2,0
수락산,2015-03-26 0:00,1.9,0.1,0
수락산,2015-03-26 1:00,0.8,0.4,0
수락산,2015-03-26 2:00,0.2,0,0
수락산,2015-03-26 3:00,-0.9,0.6,0
수락산,2015-03-26 4:00,-1.2,0,0
수락산,2015-03-26 5:00,-1.5,0,0
수락산,2015-03-26 6:00,-1.9,0,0
수락산,2015-03-26 7:00,-1.9,0.8,0
수락산,2015-03-26 8:00,0.7,0,0
수락산,2015-03-26 9:00,5.2,0.5,0
수락산,2015-03-26 10:00,8.2,0.4,0
수락산,2015-03-26 11:00,11.5,1,0
수락산,2015-03-26 12:00,12.6,1.2,0
수락산,2015-03-26 13:00,15.3,1.7,0
수락산,2015-03-26 14:00,15.6,2,0
수락산,2015-03-26 15:00,16,2.7,0
수락산,2015-03-26 16:00,15.3,2.3,0
수락산,2015-03-26 17:00,14.1,1.9,0
수락산,2015-03-26 18:00,11.9,2.2,0
수락산,2015-03-26 19:00,9.8,1.8,0
수락산,2015-03-26 20:00,8.6,1.9,0
수락산,2015-03-26 21:00,6.9,1.1,0
수락산,2015-03-26 22:00,5.3,0,0
수락산,2015-03-26 23:00,4.4,1,0
수락산,2015-03-27 0:00,3.2,0.8,0
수락산,2015-03-27 1:00,2.6,0.5,0
수락산,2015-03-27 2:00,1.9,0,0
수락산,2015-03-27 3:00,0.8,0,0
수락산,2015-03-27 4:00,0.6,0.3,0
수락산,2015-03-27 5:00,0.1,0.2,0
수락산,2015-03-27 6:00,-0.5,0,0
수락산,2015-03-27 7:00,0.1,0,0
수락산,2015-03-27 8:00,2.7,0.6,0
수락산,2015-03-27 9:00,5.4,1.1,0
수락산,2015-03-27 10:00,8.3,1,0
수락산,2015-03-27 11:00,11.7,0.7,0
수락산,2015-03-27 12:00,15,1.3,0
수락산,2015-03-27 13:00,17.2,2.4,0
수락산,2015-03-27 14:00,16.7,2.8,0
수락산,2015-03-27 15:00,16.9,2.6,0
수락산,2015-03-27 16:00,15.8,3,0
수락산,2015-03-27 17:00,15,2.5,0
수락산,2015-03-27 18:00,12.8,2.2,0
수락산,2015-03-27 19:00,10.2,1.2,0
수락산,2015-03-27 20:00,9.2,0.9,0
수락산,2015-03-27 21:00,6.6,0.9,0
수락산,2015-03-27 22:00,6,0.4,0
수락산,2015-03-27 23:00,5.1,0.1,0
수락산,2015-03-28 0:00,3.6,0.2,0
수락산,2015-03-28 1:00,2.2,1.6,0
수락산,2015-03-28 2:00,1.7,0,0
수락산,2015-03-28 3:00,0.3,0,0
수락산,2015-03-28 4:00,-0.3,0,0
수락산,2015-03-28 5:00,-0.8,0.6,0
수락산,2015-03-28 6:00,-1,0,0
수락산,2015-03-28 7:00,-1.1,0,0
수락산,2015-03-28 8:00,3,0.7,0
수락산,2015-03-28 9:00,7.1,1.1,0
수락산,2015-03-28 10:00,10.4,0.8,0
수락산,2015-03-28 11:00,11.9,1.2,0
수락산,2015-03-28 12:00,14.2,2.6,0
수락산,2015-03-28 13:00,15.5,4.1,0
수락산,2015-03-28 14:00,16.4,3,0
수락산,2015-03-28 15:00,16.4,3.2,0
수락산,2015-03-28 16:00,16.3,1.9,0
수락산,2015-03-28 17:00,14.3,1.8,0
수락산,2015-03-28 18:00,13.7,1.4,0
수락산,2015-03-28 19:00,12.3,1.5,0
수락산,2015-03-28 20:00,10.8,2.8,0
수락산,2015-03-28 21:00,9.9,2.2,0
수락산,2015-03-28 22:00,8.5,1,0
수락산,2015-03-28 23:00,7.6,0.1,0
수락산,2015-03-29 0:00,8,0.9,0
수락산,2015-03-29 1:00,6.6,0.3,0
수락산,2015-03-29 2:00,6,1.3,0
수락산,2015-03-29 3:00,6.8,0.7,0
수락산,2015-03-29 4:00,7.2,0.7,0
수락산,2015-03-29 5:00,6.9,0.5,0
수락산,2015-03-29 6:00,7.1,0,0
수락산,2015-03-29 7:00,7.4,0.2,0
수락산,2015-03-29 8:00,8.3,0,0
수락산,2015-03-29 9:00,9.1,0.7,0
수락산,2015-03-29 10:00,10,1.3,0
수락산,2015-03-29 11:00,11.2,1.8,0
수락산,2015-03-29 12:00,12,1.4,0
수락산,2015-03-29 13:00,14.4,1.7,0
수락산,2015-03-29 14:00,14.8,2.3,0
수락산,2015-03-29 15:00,14.9,1.9,0
수락산,2015-03-29 16:00,16.1,1.5,0
수락산,2015-03-29 17:00,16.1,1.5,0
수락산,2015-03-29 18:00,15.2,0.8,0
수락산,2015-03-29 19:00,13,1.2,0
수락산,2015-03-29 20:00,10.8,1.2,0
수락산,2015-03-29 21:00,10.3,1.7,0
수락산,2015-03-29 22:00,8.6,0.5,0
수락산,2015-03-29 23:00,7.4,0.3,0
수락산,2015-03-30 0:00,6.5,1,0
수락산,2015-03-30 1:00,5.8,0,0
수락산,2015-03-30 2:00,5.1,0,0
수락산,2015-03-30 3:00,4.7,0,0
수락산,2015-03-30 4:00,3.6,0,0
수락산,2015-03-30 5:00,3.6,0,0
수락산,2015-03-30 6:00,3.4,0,0
수락산,2015-03-30 7:00,3.3,0,0
수락산,2015-03-30 8:00,5.4,0,0
수락산,2015-03-30 9:00,8.8,0,0
수락산,2015-03-30 10:00,12.1,0.8,0
수락산,2015-03-30 11:00,15.3,1.4,0
수락산,2015-03-30 12:00,18,1.6,0
수락산,2015-03-30 13:00,19.1,1.7,0
수락산,2015-03-30 14:00,20.4,2.4,0
수락산,2015-03-30 15:00,20.4,2.4,0
수락산,2015-03-30 16:00,20.2,2.8,0
수락산,2015-03-30 17:00,19.5,2.8,0
수락산,2015-03-30 18:00,17.6,2.3,0
수락산,2015-03-30 19:00,15.5,1.2,0
수락산,2015-03-30 20:00,14.3,2.3,0
수락산,2015-03-30 21:00,12.7,0.5,0
수락산,2015-03-30 22:00,10.8,0.4,0
수락산,2015-03-30 23:00,9.4,0.5,0
수락산,2015-03-31 0:00,9.5,0,0
수락산,2015-03-31 1:00,8.9,0,0
수락산,2015-03-31 2:00,8.9,0,0
수락산,2015-03-31 3:00,7.8,1.3,0
수락산,2015-03-31 4:00,7.8,0,0
수락산,2015-03-31 5:00,6.8,0,0
수락산,2015-03-31 6:00,6.7,0,0
수락산,2015-03-31 7:00,7.7,0.7,0
수락산,2015-03-31 8:00,9.3,0,0
수락산,2015-03-31 9:00,11.1,0,0
수락산,2015-03-31 10:00,12.6,0.9,0
수락산,2015-03-31 11:00,14.1,,0
수락산,2015-03-31 12:00,14.6,2.4,0
수락산,2015-03-31 13:00,13.2,1.7,0
수락산,2015-03-31 14:00,12.7,0.3,0
수락산,2015-03-31 15:00,12.8,1.4,0
수락산,2015-03-31 16:00,13,0.5,0
수락산,2015-03-31 17:00,13.1,0,0
수락산,2015-03-31 18:00,13,0.7,0
수락산,2015-03-31 19:00,13.2,1.3,0
수락산,2015-03-31 20:00,12,0,0.5
수락산,2015-03-31 21:00,11.9,0.1,0.5
수락산,2015-03-31 22:00,11.9,0,1.5
수락산,2015-03-31 23:00,11.8,0,1
수락산,2015-04-01 0:00,11.7,0,0
수락산,2015-04-01 1:00,11.7,0,1
수락산,2015-04-01 2:00,11.6,0,0.5
수락산,2015-04-01 3:00,11.6,0.3,0.5
수락산,2015-04-01 4:00,11.6,0.3,0
수락산,2015-04-01 5:00,10.9,1.2,0
수락산,2015-04-01 6:00,10.3,0.8,0
수락산,2015-04-01 7:00,9.5,2,0.5
수락산,2015-04-01 8:00,9.6,2.1,0
수락산,2015-04-01 9:00,10.1,1.7,0
수락산,2015-04-01 10:00,10.3,2.4,0
수락산,2015-04-01 11:00,11.6,2.6,0
수락산,2015-04-01 12:00,12.2,2.7,0
수락산,2015-04-01 13:00,14.4,3.2,0
수락산,2015-04-01 14:00,15.5,2.8,0
수락산,2015-04-01 15:00,16.9,2.2,0
수락산,2015-04-01 16:00,15.5,2.5,0
수락산,2015-04-01 17:00,15.1,2.8,0
수락산,2015-04-01 18:00,13.9,2.7,0
수락산,2015-04-01 19:00,12.8,1.7,0
수락산,2015-04-01 20:00,11.6,1.2,0
수락산,2015-04-01 21:00,11.1,0.9,0
수락산,2015-04-01 22:00,10.6,1.9,0
수락산,2015-04-01 23:00,9.5,1,0
수락산,2015-04-02 0:00,8.9,1.5,0
수락산,2015-04-02 1:00,7.8,0.8,0
수락산,2015-04-02 2:00,7.7,0.8,0
수락산,2015-04-02 3:00,7.7,0.9,0
수락산,2015-04-02 4:00,8.5,1.1,0
수락산,2015-04-02 5:00,8.9,0.2,0
수락산,2015-04-02 6:00,9.4,1.4,0
수락산,2015-04-02 7:00,9.7,2.6,0
수락산,2015-04-02 8:00,10.1,2.6,0
수락산,2015-04-02 9:00,10.7,2.9,0
수락산,2015-04-02 10:00,13.6,4.8,0
수락산,2015-04-02 11:00,14.4,3.7,0
수락산,2015-04-02 12:00,17.9,4,0
수락산,2015-04-02 13:00,18.4,3.9,0
수락산,2015-04-02 14:00,20.4,4.1,0
수락산,2015-04-02 15:00,20.8,4.6,0
수락산,2015-04-02 16:00,19.3,4.9,0
수락산,2015-04-02 17:00,17.9,4.7,0
수락산,2015-04-02 18:00,16,3.8,1.5
수락산,2015-04-02 19:00,15.3,3.5,3.5
수락산,2015-04-02 20:00,14.9,2.5,2
수락산,2015-04-02 21:00,16.4,1.1,10.5
수락산,2015-04-02 22:00,18.1,4.5,12
수락산,2015-04-02 23:00,17.8,2.5,1.5
수락산,2015-04-03 0:00,15.7,3.7,1.5
수락산,2015-04-03 1:00,13.2,2.1,0.5
수락산,2015-04-03 2:00,11.7,1.8,0
수락산,2015-04-03 3:00,11.4,1.5,0
수락산,2015-04-03 4:00,10.8,1.2,0.5
수락산,2015-04-03 5:00,9.6,1.7,0
수락산,2015-04-03 6:00,8.5,1.9,0
수락산,2015-04-03 7:00,7.6,1.5,0
수락산,2015-04-03 8:00,7.6,0.6,0
수락산,2015-04-03 9:00,7.9,0.1,0
수락산,2015-04-03 10:00,8.2,1.7,0
수락산,2015-04-03 11:00,9.6,0.6,0
수락산,2015-04-03 12:00,10.8,1.5,0
수락산,2015-04-03 13:00,11.8,1.7,0
수락산,2015-04-03 14:00,12.7,1.3,0
수락산,2015-04-03 15:00,13.7,1.6,0
수락산,2015-04-03 16:00,15.8,1.2,0
수락산,2015-04-03 17:00,14.6,1.1,0
수락산,2015-04-03 18:00,14.6,0.7,0
수락산,2015-04-03 19:00,12.9,0.9,0
수락산,2015-04-03 20:00,11.1,0,0
수락산,2015-04-03 21:00,9.9,0,0
수락산,2015-04-03 22:00,9.2,0.7,0
수락산,2015-04-03 23:00,8.6,0,0
수락산,2015-04-04 0:00,9,0.5,0
수락산,2015-04-04 1:00,9,0.3,0
수락산,2015-04-04 2:00,9,0.2,0
수락산,2015-04-04 3:00,9.3,0.8,0
수락산,2015-04-04 4:00,9.8,2.4,0
수락산,2015-04-04 5:00,9.6,1.4,0
수락산,2015-04-04 6:00,9.3,3.4,0
수락산,2015-04-04 7:00,9.3,2,0
수락산,2015-04-04 8:00,10.9,2.2,0
수락산,2015-04-04 9:00,12.5,2.5,0
수락산,2015-04-04 10:00,13,2.6,0
수락산,2015-04-04 11:00,14.9,3,0
수락산,2015-04-04 12:00,15.8,2.4,0
수락산,2015-04-04 13:00,16.7,2.2,0
수락산,2015-04-04 14:00,17.2,2.2,0
수락산,2015-04-04 15:00,17.1,0.7,0
수락산,2015-04-04 16:00,17.4,0.5,0
수락산,2015-04-04 17:00,17.1,0.6,0
수락산,2015-04-04 18:00,15.7,2,0
수락산,2015-04-04 19:00,15,1.3,0
수락산,2015-04-04 20:00,13.9,2.5,0
수락산,2015-04-04 21:00,13.5,1,0
수락산,2015-04-04 22:00,12.6,1.7,0
수락산,2015-04-04 23:00,11.1,2.7,0
수락산,2015-04-05 0:00,10.4,2.2,0
수락산,2015-04-05 1:00,10.2,1,0
수락산,2015-04-05 2:00,9.9,1.5,0
수락산,2015-04-05 3:00,9.5,1.4,0
수락산,2015-04-05 4:00,9.5,0.6,0
수락산,2015-04-05 5:00,9.4,0.6,0
수락산,2015-04-05 6:00,9.5,1.5,0
수락산,2015-04-05 7:00,9.5,1.1,0
수락산,2015-04-05 8:00,9.9,0.9,0
수락산,2015-04-05 9:00,10,1.5,0
수락산,2015-04-05 10:00,9.8,1.3,0
수락산,2015-04-05 11:00,9.7,1.3,0
수락산,2015-04-05 12:00,10,2.4,0
수락산,2015-04-05 13:00,10,0.8,0
수락산,2015-04-05 14:00,9,0.8,0
수락산,2015-04-05 15:00,9.9,0.7,0.5
수락산,2015-04-05 16:00,10,0.1,0
수락산,2015-04-05 17:00,9.8,0.4,0
수락산,2015-04-05 18:00,10,0,0
수락산,2015-04-05 19:00,10,0.6,0
수락산,2015-04-05 20:00,10,0.2,0
수락산,2015-04-05 21:00,9.8,0.8,0
수락산,2015-04-05 22:00,9.4,0.3,0
수락산,2015-04-05 23:00,8.8,0.2,0
수락산,2015-04-06 0:00,8.5,0,0
수락산,2015-04-06 1:00,8.1,0,0
수락산,2015-04-06 2:00,7.6,0,0
수락산,2015-04-06 3:00,7.8,0.2,0
수락산,2015-04-06 4:00,7.2,0,0
수락산,2015-04-06 5:00,6.6,0.4,0
수락산,2015-04-06 6:00,7.1,1.3,0
수락산,2015-04-06 7:00,7.3,0.3,0
수락산,2015-04-06 8:00,8.4,0.6,0
수락산,2015-04-06 9:00,9.2,0.6,0
수락산,2015-04-06 10:00,11.4,0.7,0
수락산,2015-04-06 11:00,12.5,2.1,0
수락산,2015-04-06 12:00,14.6,4.6,0
수락산,2015-04-06 13:00,15.7,3.5,0
수락산,2015-04-06 14:00,15.9,3.2,0
수락산,2015-04-06 15:00,15.2,3.1,0
수락산,2015-04-06 16:00,13.5,2.5,0
수락산,2015-04-06 17:00,12.6,2.1,0
수락산,2015-04-06 18:00,11.7,2.1,0
수락산,2015-04-06 19:00,10.6,1.8,0
수락산,2015-04-06 20:00,9.9,2,0
수락산,2015-04-06 21:00,8.7,1.3,0
수락산,2015-04-06 22:00,8.6,1.7,0
수락산,2015-04-06 23:00,8,1.9,0
수락산,2015-04-07 0:00,7.4,1.3,0
수락산,2015-04-07 1:00,7.2,0.7,0
수락산,2015-04-07 2:00,6.5,0.7,0
수락산,2015-04-07 3:00,5.8,0,0
수락산,2015-04-07 4:00,5,0,0
수락산,2015-04-07 5:00,5.3,0.6,0
수락산,2015-04-07 6:00,5.3,0,0
수락산,2015-04-07 7:00,5.6,0.3,0
수락산,2015-04-07 8:00,6.9,0.5,0
수락산,2015-04-07 9:00,8.4,1.1,0
수락산,2015-04-07 10:00,9.2,1.4,0
수락산,2015-04-07 11:00,10.3,1.1,0
수락산,2015-04-07 12:00,10.7,1.6,0
수락산,2015-04-07 13:00,10.6,1.5,0
수락산,2015-04-07 14:00,10.2,1.8,0
수락산,2015-04-07 15:00,9.7,2.6,0
수락산,2015-04-07 16:00,8.7,2.7,0
수락산,2015-04-07 17:00,8.6,2.1,0
수락산,2015-04-07 18:00,8,1.8,0
수락산,2015-04-07 19:00,7.3,1.7,0
수락산,2015-04-07 20:00,6.7,1.5,0
수락산,2015-04-07 21:00,5.8,0.4,0
수락산,2015-04-07 22:00,5.5,1.3,0
수락산,2015-04-07 23:00,5.3,0.8,0
수락산,2015-04-08 0:00,4.8,1.1,0
수락산,2015-04-08 1:00,4.2,0.8,0
수락산,2015-04-08 2:00,3.5,0,0
수락산,2015-04-08 3:00,3.6,1.7,0
수락산,2015-04-08 4:00,2.9,0.8,0
수락산,2015-04-08 5:00,2.8,1.3,0
수락산,2015-04-08 6:00,2.3,1.5,0
수락산,2015-04-08 7:00,2.2,0.4,0
수락산,2015-04-08 8:00,3.9,1.1,0
수락산,2015-04-08 9:00,5.9,1.2,0
수락산,2015-04-08 10:00,8.1,1.3,0
수락산,2015-04-08 11:00,9.6,1.2,0
수락산,2015-04-08 12:00,11.2,1.8,0
수락산,2015-04-08 13:00,11,2.5,0
수락산,2015-04-08 14:00,12,1.1,0
수락산,2015-04-08 15:00,12.2,2.2,0
수락산,2015-04-08 16:00,12.2,2.6,0
수락산,2015-04-08 17:00,12.6,2.9,0
수락산,2015-04-08 18:00,11.2,1.7,0
수락산,2015-04-08 19:00,10,1.4,0
수락산,2015-04-08 20:00,8.7,1.3,0
수락산,2015-04-08 21:00,7.6,0.3,0
수락산,2015-04-08 22:00,5.8,0,0
수락산,2015-04-08 23:00,5.2,0.2,0
수락산,2015-04-09 0:00,4.3,0,0
수락산,2015-04-09 1:00,2.9,0,0
수락산,2015-04-09 2:00,2.6,0,0
수락산,2015-04-09 3:00,1.8,0,0
수락산,2015-04-09 4:00,0.9,0,0
수락산,2015-04-09 5:00,0.4,0,0
수락산,2015-04-09 6:00,-0.2,0,0
수락산,2015-04-09 7:00,1,1.1,0
수락산,2015-04-09 8:00,4.2,0,0
수락산,2015-04-09 9:00,7.6,0.6,0
수락산,2015-04-09 10:00,10.5,0.8,0
수락산,2015-04-09 11:00,11.5,1.7,0
수락산,2015-04-09 12:00,12.9,2,0
수락산,2015-04-09 13:00,13.1,1.6,0
수락산,2015-04-09 14:00,14.1,2.3,0
수락산,2015-04-09 15:00,14.7,1.7,0
수락산,2015-04-09 16:00,15.4,1.4,0
수락산,2015-04-09 17:00,14.7,2,0
수락산,2015-04-09 18:00,13.1,2.4,0
수락산,2015-04-09 19:00,11.5,1.6,0
수락산,2015-04-09 20:00,10.4,1.4,0
수락산,2015-04-09 21:00,9.3,0.3,0
수락산,2015-04-09 22:00,7.4,0.4,0
수락산,2015-04-09 23:00,6,1.4,0
수락산,2015-04-10 0:00,5,0,0
수락산,2015-04-10 1:00,4.4,0.1,0
수락산,2015-04-10 2:00,3.1,0.8,0
수락산,2015-04-10 3:00,3.2,0,0
수락산,2015-04-10 4:00,2.4,0,0
수락산,2015-04-10 5:00,2.4,0,0
수락산,2015-04-10 6:00,1.7,0.1,0
수락산,2015-04-10 7:00,2.4,0,0
수락산,2015-04-10 8:00,5.9,0,0
수락산,2015-04-10 9:00,9.1,0.7,0
수락산,2015-04-10 10:00,12.6,1.2,0
수락산,2015-04-10 11:00,14.4,3.1,0
수락산,2015-04-10 12:00,16.1,1.9,0
수락산,2015-04-10 13:00,17.1,1.8,0
수락산,2015-04-10 14:00,18.7,3,0
수락산,2015-04-10 15:00,18.1,2.6,0
수락산,2015-04-10 16:00,18.6,2.6,0
수락산,2015-04-10 17:00,18.2,2.2,0
수락산,2015-04-10 18:00,16.7,2.9,0
수락산,2015-04-10 19:00,14.5,1.6,0
수락산,2015-04-10 20:00,12.6,2.2,0
수락산,2015-04-10 21:00,12,1.8,0
수락산,2015-04-10 22:00,10.4,0,0
수락산,2015-04-10 23:00,9.6,0.1,0
수락산,2015-04-11 0:00,9.4,0.7,0
수락산,2015-04-11 1:00,7.6,0,0
수락산,2015-04-11 2:00,6.2,0.2,0
수락산,2015-04-11 3:00,5,0.2,0
수락산,2015-04-11 4:00,5.2,0,0
수락산,2015-04-11 5:00,3.7,0.7,0
수락산,2015-04-11 6:00,3.2,0,0
수락산,2015-04-11 7:00,4.6,0,0
수락산,2015-04-11 8:00,8.2,0.1,0
수락산,2015-04-11 9:00,11.4,0.6,0
수락산,2015-04-11 10:00,13.6,1.2,0
수락산,2015-04-11 11:00,16.8,1.6,0
수락산,2015-04-11 12:00,18,2.1,0
수락산,2015-04-11 13:00,19.5,1.4,0
수락산,2015-04-11 14:00,19.7,1.8,0
수락산,2015-04-11 15:00,20,2.6,0
수락산,2015-04-11 16:00,19.6,2.4,0
수락산,2015-04-11 17:00,18.9,2.1,0
수락산,2015-04-11 18:00,17.6,1.5,0
수락산,2015-04-11 19:00,15.8,2.1,0
수락산,2015-04-11 20:00,13.9,1.4,0
수락산,2015-04-11 21:00,12.9,0.5,0
수락산,2015-04-11 22:00,12.3,0.2,0
수락산,2015-04-11 23:00,10.3,0.3,0
수락산,2015-04-12 0:00,10.1,0,0
수락산,2015-04-12 1:00,7.8,1.4,0
수락산,2015-04-12 2:00,7.2,0,0
수락산,2015-04-12 3:00,6.2,0.7,0
수락산,2015-04-12 4:00,6,0.8,0
수락산,2015-04-12 5:00,6.1,0,0
수락산,2015-04-12 6:00,5.9,0,0
수락산,2015-04-12 7:00,6.4,0.1,0
수락산,2015-04-12 8:00,8.9,0,0
수락산,2015-04-12 9:00,12.3,0,0
수락산,2015-04-12 10:00,15,1,0
수락산,2015-04-12 11:00,17.5,1.9,0
수락산,2015-04-12 12:00,19.3,1.9,0
수락산,2015-04-12 13:00,20.1,1.7,0
수락산,2015-04-12 14:00,19.4,2.1,0
수락산,2015-04-12 15:00,19.7,1.6,0
수락산,2015-04-12 16:00,19.7,1.8,0
수락산,2015-04-12 17:00,19.5,1.7,0
수락산,2015-04-12 18:00,18.8,1.8,0
수락산,2015-04-12 19:00,15.7,2.7,0
수락산,2015-04-12 20:00,14.2,1.9,0
수락산,2015-04-12 21:00,15,2.6,0
수락산,2015-04-12 22:00,14.2,2.6,0
수락산,2015-04-12 23:00,13.4,3,0
수락산,2015-04-13 0:00,12.3,2.7,0
수락산,2015-04-13 1:00,11.5,3.8,0
수락산,2015-04-13 2:00,11.2,3,0
수락산,2015-04-13 3:00,11,3.4,0
수락산,2015-04-13 4:00,10.9,2.9,0
수락산,2015-04-13 5:00,10.8,2,0
수락산,2015-04-13 6:00,10.7,2.5,0
수락산,2015-04-13 7:00,10.7,2.8,0
수락산,2015-04-13 8:00,11.7,3.7,0
수락산,2015-04-13 9:00,11.8,4.4,0
수락산,2015-04-13 10:00,13.9,3.5,0
수락산,2015-04-13 11:00,13.9,2.5,0
수락산,2015-04-13 12:00,15.2,4.3,0
수락산,2015-04-13 13:00,17.3,3.5,0
수락산,2015-04-13 14:00,16.8,3.8,0
수락산,2015-04-13 15:00,16.1,4.2,0
수락산,2015-04-13 16:00,15.1,2.8,0
수락산,2015-04-13 17:00,13.6,4.1,0
수락산,2015-04-13 18:00,11.4,2.4,0
수락산,2015-04-13 19:00,9.7,1.5,0.5
수락산,2015-04-13 20:00,8.8,0.6,0.5
수락산,2015-04-13 21:00,8,1.3,1
수락산,2015-04-13 22:00,7.6,0.8,1.5
수락산,2015-04-13 23:00,7,0.9,1.5
수락산,2015-04-14 0:00,7,1.4,0.5
수락산,2015-04-14 1:00,6.9,0.4,0
수락산,2015-04-14 2:00,6.9,0.2,1
수락산,2015-04-14 3:00,6.7,0,0.5
수락산,2015-04-14 4:00,6.7,0.9,1
수락산,2015-04-14 5:00,6.6,0,0.5
수락산,2015-04-14 6:00,6.8,0,0.5
수락산,2015-04-14 7:00,6.8,0.1,0
수락산,2015-04-14 8:00,6.9,0.6,0.5
수락산,2015-04-14 9:00,6.7,0.7,2
수락산,2015-04-14 10:00,6.4,0.9,2
수락산,2015-04-14 11:00,6.2,1.3,2
수락산,2015-04-14 12:00,6.5,1.6,1
수락산,2015-04-14 13:00,6.6,1.5,0.5
수락산,2015-04-14 14:00,6.6,0.9,0.5
수락산,2015-04-14 15:00,6.6,0.9,1
수락산,2015-04-14 16:00,6,0.8,1.5
수락산,2015-04-14 17:00,6,1.6,0.5
수락산,2015-04-14 18:00,5.2,1.4,0
수락산,2015-04-14 19:00,5.2,0.6,1
수락산,2015-04-14 20:00,5,0.5,0
수락산,2015-04-14 21:00,4.9,0.3,0
수락산,2015-04-14 22:00,4.6,0.5,0
수락산,2015-04-14 23:00,4.7,0,0
수락산,2015-04-15 0:00,4.9,0.1,0.5
수락산,2015-04-15 1:00,4.7,0,0.5
수락산,2015-04-15 2:00,5,0,1
수락산,2015-04-15 3:00,5,0.5,0
수락산,2015-04-15 4:00,5.2,0,0
수락산,2015-04-15 5:00,5.4,0.9,0.5
수락산,2015-04-15 6:00,5,0.6,0
수락산,2015-04-15 7:00,5.3,0.9,0
수락산,2015-04-15 8:00,5.9,0.8,0
수락산,2015-04-15 9:00,7.4,0.1,0
수락산,2015-04-15 10:00,9.4,0.5,0
수락산,2015-04-15 11:00,11.7,2.1,0
수락산,2015-04-15 12:00,13,2,0
수락산,2015-04-15 13:00,14,2.3,0
수락산,2015-04-15 14:00,15.9,3.3,0
수락산,2015-04-15 15:00,16.6,1.7,0
수락산,2015-04-15 16:00,16.7,1.5,0
수락산,2015-04-15 17:00,16.3,1.1,0
수락산,2015-04-15 18:00,15.6,1.2,0
수락산,2015-04-15 19:00,13.8,0.5,0
수락산,2015-04-15 20:00,12.3,0.2,0
수락산,2015-04-15 21:00,12.6,0.7,0
수락산,2015-04-15 22:00,11.1,0.5,0
수락산,2015-04-15 23:00,11.7,1.3,0
수락산,2015-04-16 0:00,10.6,0.7,0
수락산,2015-04-16 1:00,9.5,0,0
수락산,2015-04-16 2:00,10.7,1.2,0
수락산,2015-04-16 3:00,9.3,0.8,0
수락산,2015-04-16 4:00,8.9,0.9,0
수락산,2015-04-16 5:00,7.8,0,0
수락산,2015-04-16 6:00,9.3,0.8,0
수락산,2015-04-16 7:00,11.2,1.2,0
수락산,2015-04-16 8:00,12.3,2.7,0
수락산,2015-04-16 9:00,12.5,0.8,0
수락산,2015-04-16 10:00,12.5,0.5,0
수락산,2015-04-16 11:00,14.9,2.2,0
수락산,2015-04-16 12:00,13.7,1.9,0
수락산,2015-04-16 13:00,10.3,2,0
수락산,2015-04-16 14:00,10,1.4,1.5
수락산,2015-04-16 15:00,9.3,2.6,1.5
수락산,2015-04-16 16:00,9.7,3.1,0
수락산,2015-04-16 17:00,11,2.2,0
수락산,2015-04-16 18:00,10.9,1.9,0
수락산,2015-04-16 19:00,9.9,1.6,0
수락산,2015-04-16 20:00,9.2,2.5,0
수락산,2015-04-16 21:00,9.1,1.8,0
수락산,2015-04-16 22:00,8.8,2.1,0
수락산,2015-04-16 23:00,7.8,1.5,0
수락산,2015-04-17 0:00,6.7,0.2,0
수락산,2015-04-17 1:00,6.4,0.1,0
수락산,2015-04-17 2:00,4.7,0.8,0
수락산,2015-04-17 3:00,4.4,0.8,0
수락산,2015-04-17 4:00,4,1.1,0
수락산,2015-04-17 5:00,3,0.7,0
수락산,2015-04-17 6:00,2.3,0.7,0
수락산,2015-04-17 7:00,4.4,0.9,0
수락산,2015-04-17 8:00,7.4,1.7,0
수락산,2015-04-17 9:00,10.3,1.9,0
수락산,2015-04-17 10:00,12.5,2.1,0
수락산,2015-04-17 11:00,15.3,1.7,0
수락산,2015-04-17 12:00,15.6,3,0
수락산,2015-04-17 13:00,16.9,2.2,0
수락산,2015-04-17 14:00,16.6,2,0
수락산,2015-04-17 15:00,16.4,2.3,0
수락산,2015-04-17 16:00,15.8,2.2,0
수락산,2015-04-17 17:00,14.8,2.1,0
수락산,2015-04-17 18:00,13.5,1.4,0
수락산,2015-04-17 19:00,12.3,1,0
수락산,2015-04-17 20:00,10.3,0.4,0
수락산,2015-04-17 21:00,10.2,1,0
수락산,2015-04-17 22:00,9.7,0.4,0
수락산,2015-04-17 23:00,7.5,0.2,0
수락산,2015-04-18 0:00,6.7,0.5,0
수락산,2015-04-18 1:00,5.6,0.8,0
수락산,2015-04-18 2:00,4.4,0.3,0
수락산,2015-04-18 3:00,3.6,0,0
수락산,2015-04-18 4:00,2.3,0.3,0
수락산,2015-04-18 5:00,2.4,0.3,0
수락산,2015-04-18 6:00,1.9,0.4,0
수락산,2015-04-18 7:00,3.1,0.2,0
수락산,2015-04-18 8:00,6.9,0.2,0
수락산,2015-04-18 9:00,11.5,1,0
수락산,2015-04-18 10:00,14.9,2,0
수락산,2015-04-18 11:00,15.8,2,0
수락산,2015-04-18 12:00,17.9,1.6,0
수락산,2015-04-18 13:00,19.7,1.5,0
수락산,2015-04-18 14:00,21.7,1.4,0
수락산,2015-04-18 15:00,21.4,1.8,0
수락산,2015-04-18 16:00,22.9,1.1,0
수락산,2015-04-18 17:00,22,0.8,0
수락산,2015-04-18 18:00,20.6,0.3,0
수락산,2015-04-18 19:00,19.5,0.5,0
수락산,2015-04-18 20:00,18.5,0,0
수락산,2015-04-18 21:00,17.9,0.9,0
수락산,2015-04-18 22:00,17,0.4,0
수락산,2015-04-18 23:00,15.6,0.6,0
수락산,2015-04-19 0:00,14.5,0.6,0
수락산,2015-04-19 1:00,14.7,0,0
수락산,2015-04-19 2:00,15.1,0.4,0
수락산,2015-04-19 3:00,14.4,0.6,0
수락산,2015-04-19 4:00,15.4,0.5,0
수락산,2015-04-19 5:00,15.4,0.2,0
수락산,2015-04-19 6:00,16,1,0
수락산,2015-04-19 7:00,15.5,0.4,0
수락산,2015-04-19 8:00,16.5,0.5,0
수락산,2015-04-19 9:00,17.9,1.7,0
수락산,2015-04-19 10:00,17.8,1.3,0
수락산,2015-04-19 11:00,12.7,0.5,1.5
수락산,2015-04-19 12:00,13.2,0,2.5
수락산,2015-04-19 13:00,14,0,1
수락산,2015-04-19 14:00,13.8,1.1,1
수락산,2015-04-19 15:00,13.9,1.3,1
수락산,2015-04-19 16:00,13.9,0.8,0
수락산,2015-04-19 17:00,13.7,1.4,0
수락산,2015-04-19 18:00,12.5,0.6,1.5
수락산,2015-04-19 19:00,12.4,1.6,1.5
수락산,2015-04-19 20:00,11.9,1.7,1.5
수락산,2015-04-19 21:00,11.4,2.4,0.5
수락산,2015-04-19 22:00,11.1,1,0.5
수락산,2015-04-19 23:00,10.4,2.1,1.5
수락산,2015-04-20 0:00,10.2,1.1,1.5
수락산,2015-04-20 1:00,10.2,1.1,1
수락산,2015-04-20 2:00,10.1,0.2,0.5
수락산,2015-04-20 3:00,10,1.6,2.5
수락산,2015-04-20 4:00,10,1.5,0.5
수락산,2015-04-20 5:00,9.9,0.4,0
수락산,2015-04-20 6:00,10,0.4,0
수락산,2015-04-20 7:00,10,0.6,0.5
수락산,2015-04-20 8:00,10,0.4,0
수락산,2015-04-20 9:00,10,1,0
수락산,2015-04-20 10:00,10.3,0.6,0.5
수락산,2015-04-20 11:00,11.3,1.2,0.5
수락산,2015-04-20 12:00,12.1,1.2,0
수락산,2015-04-20 13:00,12.1,1.5,0
수락산,2015-04-20 14:00,13.4,2.1,0
수락산,2015-04-20 15:00,14.8,1.9,0
수락산,2015-04-20 16:00,16.8,1.1,0
수락산,2015-04-20 17:00,15.3,1.2,0
수락산,2015-04-20 18:00,14.8,0.8,0
수락산,2015-04-20 19:00,12.9,1.2,0
수락산,2015-04-20 20:00,10.8,0.4,0
수락산,2015-04-20 21:00,10.4,0.2,0
수락산,2015-04-20 22:00,9.1,0.9,0
수락산,2015-04-20 23:00,8.6,0,0
수락산,2015-04-21 0:00,7.6,1.2,0
수락산,2015-04-21 1:00,6.5,0.2,0
수락산,2015-04-21 2:00,6.5,1.1,0
수락산,2015-04-21 3:00,6.2,0,0
수락산,2015-04-21 4:00,5.4,0.4,0
수락산,2015-04-21 5:00,5.1,0,0
수락산,2015-04-21 6:00,4.6,0,0
수락산,2015-04-21 7:00,6,0,0
수락산,2015-04-21 8:00,8.9,0.7,0
수락산,2015-04-21 9:00,11.9,1.2,0
수락산,2015-04-21 10:00,14.3,2.9,0
수락산,2015-04-21 11:00,16.8,2.2,0
수락산,2015-04-21 12:00,18.5,2.5,0
수락산,2015-04-21 13:00,20.8,1.9,0
수락산,2015-04-21 14:00,20.5,3,0
수락산,2015-04-21 15:00,20.8,2.4,0
수락산,2015-04-21 16:00,20.2,2.9,0
수락산,2015-04-21 17:00,19.1,2.1,0
수락산,2015-04-21 18:00,17.8,1.2,0
수락산,2015-04-21 19:00,15.5,1.2,0
수락산,2015-04-21 20:00,13.5,2.2,0
수락산,2015-04-21 21:00,11.6,1.5,0
수락산,2015-04-21 22:00,10.6,1.2,0
수락산,2015-04-21 23:00,8.6,0.8,0
수락산,2015-04-22 0:00,8.5,1,0
수락산,2015-04-22 1:00,8.4,0.3,0
수락산,2015-04-22 2:00,7.8,0.5,0
수락산,2015-04-22 3:00,8.3,1.2,0
수락산,2015-04-22 4:00,8.8,1.2,0
수락산,2015-04-22 5:00,8.3,1,0
수락산,2015-04-22 6:00,7.9,0.3,0
수락산,2015-04-22 7:00,8.7,1.2,0
수락산,2015-04-22 8:00,11.4,1,0
수락산,2015-04-22 9:00,12.7,0.8,0
수락산,2015-04-22 10:00,12.9,0.9,0
수락산,2015-04-22 11:00,15.3,1.5,0
수락산,2015-04-22 12:00,18,1.2,0
수락산,2015-04-22 13:00,18.9,1.6,0
수락산,2015-04-22 14:00,19.8,3.1,0
수락산,2015-04-22 15:00,20,3.7,0
수락산,2015-04-22 16:00,20.2,2.9,0
수락산,2015-04-22 17:00,18.7,2.5,0
수락산,2015-04-22 18:00,18.2,2.7,0
수락산,2015-04-22 19:00,15.9,1,0
수락산,2015-04-22 20:00,13.8,1.1,0
수락산,2015-04-22 21:00,11.9,0.8,0
수락산,2015-04-22 22:00,10.9,0.1,0
수락산,2015-04-22 23:00,9.4,0,0
수락산,2015-04-23 0:00,8.2,1.6,0
수락산,2015-04-23 1:00,7.3,0.6,0
수락산,2015-04-23 2:00,7,0.9,0
수락산,2015-04-23 3:00,6.5,0.4,0
수락산,2015-04-23 4:00,5.9,0.2,0
수락산,2015-04-23 5:00,5,0.8,0
수락산,2015-04-23 6:00,4.7,0.7,0
수락산,2015-04-23 7:00,6.5,0.4,0
수락산,2015-04-23 8:00,10.3,0.4,0
수락산,2015-04-23 9:00,12.5,0.7,0
수락산,2015-04-23 10:00,15.8,1.9,0
수락산,2015-04-23 11:00,18.2,1.7,0
수락산,2015-04-23 12:00,19.9,3.3,0
수락산,2015-04-23 13:00,20,3.8,0
수락산,2015-04-23 14:00,20.2,2.5,0
수락산,2015-04-23 15:00,19.8,2.8,0
수락산,2015-04-23 16:00,19.5,2.6,0
수락산,2015-04-23 17:00,19,1.6,0
수락산,2015-04-23 18:00,17.5,1.6,0
수락산,2015-04-23 19:00,15.9,1,0
수락산,2015-04-23 20:00,14.7,0.3,0
수락산,2015-04-23 21:00,15.5,1,0
수락산,2015-04-23 22:00,14.4,1,0
수락산,2015-04-23 23:00,14.6,1,0
수락산,2015-04-24 0:00,14.6,0.4,0
수락산,2015-04-24 1:00,13.3,0.6,0
수락산,2015-04-24 2:00,13.1,0.1,0
수락산,2015-04-24 3:00,13,1.8,0
수락산,2015-04-24 4:00,10.2,0.3,0
수락산,2015-04-24 5:00,9,0.2,0
수락산,2015-04-24 6:00,8.2,0.3,0
수락산,2015-04-24 7:00,9.6,0,0
수락산,2015-04-24 8:00,12.3,0.4,0
수락산,2015-04-24 9:00,14.8,0.9,0
수락산,2015-04-24 10:00,16.8,1.2,0
수락산,2015-04-24 11:00,19.3,1.7,0
수락산,2015-04-24 12:00,20.4,3.3,0
수락산,2015-04-24 13:00,21.4,2.4,0
수락산,2015-04-24 14:00,22.7,1.6,0
수락산,2015-04-24 15:00,22.6,2.2,0
수락산,2015-04-24 16:00,22.1,2.8,0
수락산,2015-04-24 17:00,21.8,2.6,0
수락산,2015-04-24 18:00,19.4,3,0
수락산,2015-04-24 19:00,17.2,1.7,0
수락산,2015-04-24 20:00,15.3,1.5,0
수락산,2015-04-24 21:00,13.5,0.6,0
수락산,2015-04-24 22:00,12.2,0.2,0
수락산,2015-04-24 23:00,10.2,0.2,0
수락산,2015-04-25 0:00,8.8,0.9,0
수락산,2015-04-25 1:00,8.3,0,0
수락산,2015-04-25 2:00,7.4,0.2,0
수락산,2015-04-25 3:00,7,0.7,0
수락산,2015-04-25 4:00,6.1,0,0
수락산,2015-04-25 5:00,5.4,0,0
수락산,2015-04-25 6:00,5.3,0.1,0
수락산,2015-04-25 7:00,7.2,0,0
수락산,2015-04-25 8:00,11,0.5,0
수락산,2015-04-25 9:00,14.6,0.5,0
수락산,2015-04-25 10:00,17.5,0.9,0
수락산,2015-04-25 11:00,20.6,1.2,0
수락산,2015-04-25 12:00,21,1.9,0
수락산,2015-04-25 13:00,23,2.6,0
수락산,2015-04-25 14:00,22.6,3.3,0
수락산,2015-04-25 15:00,22.7,3.1,0
수락산,2015-04-25 16:00,22.2,2.8,0
수락산,2015-04-25 17:00,21.1,3.2,0
수락산,2015-04-25 18:00,19.8,1.6,0
수락산,2015-04-25 19:00,17.7,1.6,0
수락산,2015-04-25 20:00,15.9,1.8,0
수락산,2015-04-25 21:00,13.4,0.7,0
수락산,2015-04-25 22:00,11.9,0.6,0
수락산,2015-04-25 23:00,10.7,0.1,0
수락산,2015-04-26 0:00,9.7,0.2,0
수락산,2015-04-26 1:00,8.7,0.2,0
수락산,2015-04-26 2:00,7.7,0.7,0
수락산,2015-04-26 3:00,7.2,0.3,0
수락산,2015-04-26 4:00,6.6,0,0
수락산,2015-04-26 5:00,6.6,0,0
수락산,2015-04-26 6:00,6.2,0,0
수락산,2015-04-26 7:00,8.6,0,0
수락산,2015-04-26 8:00,12.2,0.7,0
수락산,2015-04-26 9:00,16.8,2,0
수락산,2015-04-26 10:00,19.4,1.7,0
수락산,2015-04-26 11:00,20.8,1,0
수락산,2015-04-26 12:00,23,1.2,0
수락산,2015-04-26 13:00,23.5,2.5,0
수락산,2015-04-26 14:00,25.1,1.5,0
수락산,2015-04-26 15:00,24.8,2.2,0
수락산,2015-04-26 16:00,24.3,2.5,0
수락산,2015-04-26 17:00,23.8,2.3,0
수락산,2015-04-26 18:00,22.6,2,0
수락산,2015-04-26 19:00,19.6,1.1,0
수락산,2015-04-26 20:00,18,1.9,0
수락산,2015-04-26 21:00,16.5,1.4,0
수락산,2015-04-26 22:00,16.3,1.4,0
수락산,2015-04-26 23:00,14,0,0
수락산,2015-04-27 0:00,13.8,0,0
수락산,2015-04-27 1:00,13,0,0
수락산,2015-04-27 2:00,12.4,0,0
수락산,2015-04-27 3:00,11.7,0,0
수락산,2015-04-27 4:00,11,0,0
수락산,2015-04-27 5:00,10.6,0.1,0
수락산,2015-04-27 6:00,10.5,0,0
수락산,2015-04-27 7:00,12.4,0,0
수락산,2015-04-27 8:00,14.8,0.9,0
수락산,2015-04-27 9:00,17.8,2,0
수락산,2015-04-27 10:00,20.2,0.5,0
수락산,2015-04-27 11:00,22.9,1.1,0
수락산,2015-04-27 12:00,24.1,1.4,0
수락산,2015-04-27 13:00,25.5,1.6,0
수락산,2015-04-27 14:00,25.2,3.1,0
수락산,2015-04-27 15:00,24.7,2.3,0
수락산,2015-04-27 16:00,24.4,1.9,0
수락산,2015-04-27 17:00,23.2,4.2,0
수락산,2015-04-27 18:00,21.7,2,0
수락산,2015-04-27 19:00,19.4,0.9,0
수락산,2015-04-27 20:00,17.6,0.2,0
수락산,2015-04-27 21:00,15,0.2,0
수락산,2015-04-27 22:00,13.3,0.3,0
수락산,2015-04-27 23:00,12.3,0,0
수락산,2015-04-28 0:00,12,0,0
수락산,2015-04-28 1:00,11.4,0,0
수락산,2015-04-28 2:00,10.7,0,0
수락산,2015-04-28 3:00,10.3,0,0
수락산,2015-04-28 4:00,9.4,0.3,0
수락산,2015-04-28 5:00,9,0,0
수락산,2015-04-28 6:00,8.2,0,0
수락산,2015-04-28 7:00,10.1,0,0
수락산,2015-04-28 8:00,14.3,0,0
수락산,2015-04-28 9:00,18.3,0.5,0
수락산,2015-04-28 10:00,21.1,0.9,0
수락산,2015-04-28 11:00,23,1.5,0
수락산,2015-04-28 12:00,23.9,2.2,0
수락산,2015-04-28 13:00,24.4,2.1,0
수락산,2015-04-28 14:00,25.1,1.4,0
수락산,2015-04-28 15:00,25.2,1.6,0
수락산,2015-04-28 16:00,25,0.7,0
수락산,2015-04-28 17:00,25.5,0.5,0
수락산,2015-04-28 18:00,23.6,0.6,0
수락산,2015-04-28 19:00,22.6,1.9,0
수락산,2015-04-28 20:00,20.6,0.4,0
수락산,2015-04-28 21:00,20.1,0,0
수락산,2015-04-28 22:00,18.8,0.2,0
수락산,2015-04-28 23:00,18.2,0.8,0
수락산,2015-04-29 0:00,17.9,0,0
수락산,2015-04-29 1:00,17.2,0.8,0
수락산,2015-04-29 2:00,16.8,1.2,0
수락산,2015-04-29 3:00,16.6,0,0
수락산,2015-04-29 4:00,15.9,0,0
수락산,2015-04-29 5:00,15.5,0.3,0
수락산,2015-04-29 6:00,14.8,0,0
수락산,2015-04-29 7:00,14.2,0.9,0.5
수락산,2015-04-29 8:00,14.8,0.2,0.5
수락산,2015-04-29 9:00,14.9,1,0.5
수락산,2015-04-29 10:00,14.7,0.2,0
수락산,2015-04-29 11:00,15.3,0.5,0.5
수락산,2015-04-29 12:00,15.7,0.7,0
수락산,2015-04-29 13:00,17.1,0.3,0.5
수락산,2015-04-29 14:00,18.3,0.8,0
수락산,2015-04-29 15:00,20.1,1.5,0
수락산,2015-04-29 16:00,19.9,2.7,0
수락산,2015-04-29 17:00,20.1,1.7,0
수락산,2015-04-29 18:00,19.2,1.2,0
수락산,2015-04-29 19:00,17.3,0.2,0
수락산,2015-04-29 20:00,16.3,0,0
수락산,2015-04-29 21:00,16.5,0.2,0
수락산,2015-04-29 22:00,16.6,0.7,0
수락산,2015-04-29 23:00,16.3,0,0
수락산,2015-04-30 0:00,15.5,0,0
수락산,2015-04-30 1:00,14.1,0.5,0
수락산,2015-04-30 2:00,13.4,0,0
수락산,2015-04-30 3:00,12.7,0.4,0
수락산,2015-04-30 4:00,12.9,0,0
수락산,2015-04-30 5:00,12.3,0,0
수락산,2015-04-30 6:00,12.4,0.8,0
수락산,2015-04-30 7:00,14,0.2,0
수락산,2015-04-30 8:00,16.9,0.5,0
수락산,2015-04-30 9:00,20.1,0.5,0
수락산,2015-04-30 10:00,22.3,1.4,0
수락산,2015-04-30 11:00,23.9,1.2,0
수락산,2015-04-30 12:00,24.4,1.9,0
수락산,2015-04-30 13:00,26.1,1.4,0
수락산,2015-04-30 14:00,27.1,1.7,0
수락산,2015-04-30 15:00,27.2,2,0
수락산,2015-04-30 16:00,27.5,2.3,0
수락산,2015-04-30 17:00,27,1.3,0
수락산,2015-04-30 18:00,25.7,1.5,0
수락산,2015-04-30 19:00,23.4,1.5,0
수락산,2015-04-30 20:00,22.1,1.4,0
수락산,2015-04-30 21:00,20.2,0.4,0
수락산,2015-04-30 22:00,19,0,0
수락산,2015-04-30 23:00,17.7,0,0
수락산,2015-05-01 0:00,16.7,0.1,0
수락산,2015-05-01 1:00,15.6,0,0
수락산,2015-05-01 2:00,15,0,0
수락산,2015-05-01 3:00,14.3,0,0
수락산,2015-05-01 4:00,13.9,0,0
수락산,2015-05-01 5:00,13.3,0,0
수락산,2015-05-01 6:00,12.8,0,0
수락산,2015-05-01 7:00,14.8,0,0
수락산,2015-05-01 8:00,17.5,0.4,0
수락산,2015-05-01 9:00,20.8,0.9,0
수락산,2015-05-01 10:00,23,1.2,0
수락산,2015-05-01 11:00,24.8,1.4,0
수락산,2015-05-01 12:00,25.5,2.3,0
수락산,2015-05-01 13:00,26,1.7,0
수락산,2015-05-01 14:00,26.4,1.9,0
수락산,2015-05-01 15:00,26.3,2.6,0
수락산,2015-05-01 16:00,26.3,2.6,0
수락산,2015-05-01 17:00,25.6,3.1,0
수락산,2015-05-01 18:00,24.2,2.4,0
수락산,2015-05-01 19:00,22.5,1.2,0
수락산,2015-05-01 20:00,20.7,1.7,0
수락산,2015-05-01 21:00,19.7,1.2,0
수락산,2015-05-01 22:00,17.7,0.3,0
수락산,2015-05-01 23:00,16.6,0,0
수락산,2015-05-02 0:00,15.7,0,0
수락산,2015-05-02 1:00,15.1,0,0
수락산,2015-05-02 2:00,15.7,0,0
수락산,2015-05-02 3:00,14.9,0,0
수락산,2015-05-02 4:00,13.9,1,0
수락산,2015-05-02 5:00,14.1,0,0
수락산,2015-05-02 6:00,13.7,0,0
수락산,2015-05-02 7:00,15.2,0,0
수락산,2015-05-02 8:00,18.2,0.4,0
수락산,2015-05-02 9:00,21,0.9,0
수락산,2015-05-02 10:00,22.7,1.1,0
수락산,2015-05-02 11:00,23.1,1.2,0
수락산,2015-05-02 12:00,23.1,1.2,0
수락산,2015-05-02 13:00,23.3,1.7,0
수락산,2015-05-02 14:00,23.7,1.2,0
수락산,2015-05-02 15:00,24.1,2.1,0
수락산,2015-05-02 16:00,24.8,2.3,0
수락산,2015-05-02 17:00,24.2,1.1,0
수락산,2015-05-02 18:00,23.4,1.5,0
수락산,2015-05-02 19:00,22,1.6,0
수락산,2015-05-02 20:00,21.1,1.2,0
수락산,2015-05-02 21:00,20.3,1.3,0
수락산,2015-05-02 22:00,17.9,0,0
수락산,2015-05-02 23:00,17.3,0.5,0
수락산,2015-05-03 0:00,17.3,0.4,0
수락산,2015-05-03 1:00,17,0.3,0.5
수락산,2015-05-03 2:00,16.7,0,0
수락산,2015-05-03 3:00,16.8,0.1,0
수락산,2015-05-03 4:00,16.6,0.7,0.5
수락산,2015-05-03 5:00,16.5,0.7,0.5
수락산,2015-05-03 6:00,16.4,0,0.5
수락산,2015-05-03 7:00,16.7,0.7,0
수락산,2015-05-03 8:00,17.1,0.4,0
수락산,2015-05-03 9:00,17,1.5,1
수락산,2015-05-03 10:00,17.4,1.6,1.5
수락산,2015-05-03 11:00,17.4,1.2,0
수락산,2015-05-03 12:00,17.6,0.3,0.5
수락산,2015-05-03 13:00,18,1.1,0
수락산,2015-05-03 14:00,17.4,0.8,1
수락산,2015-05-03 15:00,17.7,0.3,0.5
수락산,2015-05-03 16:00,17.9,0,0
수락산,2015-05-03 17:00,18.6,1.4,0
수락산,2015-05-03 18:00,18.5,0,0
수락산,2015-05-03 19:00,17.8,0,0
수락산,2015-05-03 20:00,17,0,0
수락산,2015-05-03 21:00,16.4,0,0
수락산,2015-05-03 22:00,16.5,0.8,0
수락산,2015-05-03 23:00,16.3,0,0
수락산,2015-05-04 0:00,15.8,0.4,0
수락산,2015-05-04 1:00,15.5,1,0
수락산,2015-05-04 2:00,15.2,1,0
수락산,2015-05-04 3:00,14.3,1.3,0
수락산,2015-05-04 4:00,13.3,0,0
수락산,2015-05-04 5:00,12.5,0.6,0
수락산,2015-05-04 6:00,11.9,0,0
수락산,2015-05-04 7:00,13.4,1.2,0
수락산,2015-05-04 8:00,15.9,1.8,0
수락산,2015-05-04 9:00,17.2,1.8,0
수락산,2015-05-04 10:00,18.5,3.4,0
수락산,2015-05-04 11:00,19.7,3.3,0
수락산,2015-05-04 12:00,19.3,4.2,0
수락산,2015-05-04 13:00,19.5,6.2,0
수락산,2015-05-04 14:00,19.7,4.2,0
수락산,2015-05-04 15:00,19.2,3.7,0
수락산,2015-05-04 16:00,19.5,3.6,0
수락산,2015-05-04 17:00,18.9,3.3,0
수락산,2015-05-04 18:00,17.6,3.1,0
수락산,2015-05-04 19:00,16,3.5,0
수락산,2015-05-04 20:00,14.7,2,0
수락산,2015-05-04 21:00,14.4,2.3,0
수락산,2015-05-04 22:00,12.2,1.6,0
수락산,2015-05-04 23:00,12.4,1.5,0
수락산,2015-05-05 0:00,10.4,0.5,0
수락산,2015-05-05 1:00,8.6,0.4,0
수락산,2015-05-05 2:00,6.8,1.2,0
수락산,2015-05-05 3:00,5.9,0.6,0
수락산,2015-05-05 4:00,5.4,1.1,0
수락산,2015-05-05 5:00,4.8,0,0
수락산,2015-05-05 6:00,4.5,0.9,0
수락산,2015-05-05 7:00,7.8,0.1,0
수락산,2015-05-05 8:00,10.7,0.9,0
수락산,2015-05-05 9:00,13.6,1.2,0
수락산,2015-05-05 10:00,16,1.5,0
수락산,2015-05-05 11:00,17.4,1.4,0
수락산,2015-05-05 12:00,18.6,2.9,0
수락산,2015-05-05 13:00,18.8,3.5,0
수락산,2015-05-05 14:00,18.9,3.2,0
수락산,2015-05-05 15:00,19.5,1.6,0
수락산,2015-05-05 16:00,19.2,3.7,0
수락산,2015-05-05 17:00,18.4,2.3,0
수락산,2015-05-05 18:00,17.1,1.7,0
수락산,2015-05-05 19:00,15.4,1.8,0
수락산,2015-05-05 20:00,13.7,1.9,0
수락산,2015-05-05 21:00,11.3,0,0
수락산,2015-05-05 22:00,10,0,0
수락산,2015-05-05 23:00,9.3,0.3,0
수락산,2015-05-06 0:00,8.5,0,0
수락산,2015-05-06 1:00,7.4,0.4,0
수락산,2015-05-06 2:00,7.4,0.3,0
수락산,2015-05-06 3:00,8,0.5,0
수락산,2015-05-06 4:00,7.7,0.1,0
수락산,2015-05-06 5:00,7.4,0.1,0
수락산,2015-05-06 6:00,7.5,0,0
수락산,2015-05-06 7:00,9.7,0.5,0
수락산,2015-05-06 8:00,11.8,0.8,0
수락산,2015-05-06 9:00,13.6,0.1,0
수락산,2015-05-06 10:00,15.5,1.4,0
수락산,2015-05-06 11:00,16.9,1.1,0
수락산,2015-05-06 12:00,18,1.4,0
수락산,2015-05-06 13:00,19.3,1.6,0
수락산,2015-05-06 14:00,19.6,1.6,0
수락산,2015-05-06 15:00,20.9,1.6,0
수락산,2015-05-06 16:00,20.7,2.3,0
수락산,2015-05-06 17:00,20.7,1.3,0
수락산,2015-05-06 18:00,19.6,1.7,0
수락산,2015-05-06 19:00,17.6,0.9,0
수락산,2015-05-06 20:00,16.1,1.2,0
수락산,2015-05-06 21:00,15.7,0.3,0
수락산,2015-05-06 22:00,13.6,0,0
수락산,2015-05-06 23:00,12.2,0,0
수락산,2015-05-07 0:00,11.3,0,0
수락산,2015-05-07 1:00,10.3,0.3,0
수락산,2015-05-07 2:00,9.5,0,0
수락산,2015-05-07 3:00,8.9,0,0
수락산,2015-05-07 4:00,8.9,0,0
수락산,2015-05-07 5:00,7.7,0,0
수락산,2015-05-07 6:00,7.4,0.3,0
수락산,2015-05-07 7:00,9.6,0.2,0
수락산,2015-05-07 8:00,12.9,0.4,0
수락산,2015-05-07 9:00,16.6,0.1,0
수락산,2015-05-07 10:00,18.8,1.8,0
수락산,2015-05-07 11:00,20.7,1.7,0
수락산,2015-05-07 12:00,21.8,1.3,0
수락산,2015-05-07 13:00,22.6,1.5,0
수락산,2015-05-07 14:00,23,2.2,0
수락산,2015-05-07 15:00,22.8,2.5,0
수락산,2015-05-07 16:00,22.2,1.9,0
수락산,2015-05-07 17:00,18.8,2.5,0
수락산,2015-05-07 18:00,17.3,1.9,0
수락산,2015-05-07 19:00,16.1,1,0
수락산,2015-05-07 20:00,15.2,0.4,0
수락산,2015-05-07 21:00,15.3,0.2,0
수락산,2015-05-07 22:00,14.3,0.1,0
수락산,2015-05-07 23:00,13.4,0,0
수락산,2015-05-08 0:00,11.8,0.1,0
수락산,2015-05-08 1:00,10.5,0,0
수락산,2015-05-08 2:00,9.7,0.1,0
수락산,2015-05-08 3:00,9.2,0,0
수락산,2015-05-08 4:00,8.4,0,0
수락산,2015-05-08 5:00,7.9,0.2,0
수락산,2015-05-08 6:00,9.2,0.1,0
수락산,2015-05-08 7:00,11.3,0,0
수락산,2015-05-08 8:00,12.8,0.9,0
수락산,2015-05-08 9:00,14.4,1.1,0
수락산,2015-05-08 10:00,16.6,0.8,0
수락산,2015-05-08 11:00,17.7,0.7,0
수락산,2015-05-08 12:00,18.4,0.5,0
수락산,2015-05-08 13:00,19.2,1.3,0
수락산,2015-05-08 14:00,20.5,1.1,0
수락산,2015-05-08 15:00,21,1.1,0
수락산,2015-05-08 16:00,21.5,1.3,0
수락산,2015-05-08 17:00,20.1,1.6,0
수락산,2015-05-08 18:00,19,2.2,0
수락산,2015-05-08 19:00,18,1.5,0
수락산,2015-05-08 20:00,16.4,0.6,0
수락산,2015-05-08 21:00,16,0.4,0
수락산,2015-05-08 22:00,15.6,0.8,0
수락산,2015-05-08 23:00,15.6,0.7,0
수락산,2015-05-09 0:00,15,0.8,0
수락산,2015-05-09 1:00,14.5,0,0
수락산,2015-05-09 2:00,14.2,0,0
수락산,2015-05-09 3:00,14.1,0.4,0
수락산,2015-05-09 4:00,13.3,0.3,0
수락산,2015-05-09 5:00,12.8,0,0
수락산,2015-05-09 6:00,12.2,0.6,0
수락산,2015-05-09 7:00,13.7,0.3,0
수락산,2015-05-09 8:00,15.2,0.6,0
수락산,2015-05-09 9:00,17.4,0.4,0
수락산,2015-05-09 10:00,17.8,2.4,0
수락산,2015-05-09 11:00,18.8,1.7,0
수락산,2015-05-09 12:00,20.3,1.6,0
수락산,2015-05-09 13:00,20.4,1.8,0
수락산,2015-05-09 14:00,21.5,2,0
수락산,2015-05-09 15:00,22.9,1.6,0
수락산,2015-05-09 16:00,22.4,1.9,0
수락산,2015-05-09 17:00,22.2,2.7,0
수락산,2015-05-09 18:00,21.2,1,0
수락산,2015-05-09 19:00,19.2,2.2,0
수락산,2015-05-09 20:00,17.9,1.4,0
수락산,2015-05-09 21:00,16.7,0.5,0
수락산,2015-05-09 22:00,16.1,0.7,0
수락산,2015-05-09 23:00,15.1,0,0
수락산,2015-05-10 0:00,14.5,0,0
수락산,2015-05-10 1:00,13.7,0,0
수락산,2015-05-10 2:00,13.4,0.7,0
수락산,2015-05-10 3:00,12.2,0,0
수락산,2015-05-10 4:00,11.9,0,0
수락산,2015-05-10 5:00,12.2,0,0
수락산,2015-05-10 6:00,12.3,0.6,0
수락산,2015-05-10 7:00,13.1,0.3,0
수락산,2015-05-10 8:00,14.3,0.1,0
수락산,2015-05-10 9:00,17,0.4,0
수락산,2015-05-10 10:00,18.7,1.3,0
수락산,2015-05-10 11:00,20.6,0.8,0
수락산,2015-05-10 12:00,21.4,1.7,0
수락산,2015-05-10 13:00,23,1.4,0
수락산,2015-05-10 14:00,24.4,1.5,0
수락산,2015-05-10 15:00,24.8,1.5,0
수락산,2015-05-10 16:00,25.3,0.9,0
수락산,2015-05-10 17:00,23.9,1.7,0
수락산,2015-05-10 18:00,23.3,2.1,0
수락산,2015-05-10 19:00,21.1,0.9,0
수락산,2015-05-10 20:00,18.5,0.5,0
수락산,2015-05-10 21:00,16.3,0,0
수락산,2015-05-10 22:00,15.4,0,0
수락산,2015-05-10 23:00,14.4,0,0
수락산,2015-05-11 0:00,13.4,0.1,0
수락산,2015-05-11 1:00,12.4,0,0
수락산,2015-05-11 2:00,12.1,0,0
수락산,2015-05-11 3:00,11.4,0.1,0
수락산,2015-05-11 4:00,11.8,0,0
수락산,2015-05-11 5:00,11.3,0,0
수락산,2015-05-11 6:00,13.4,0.4,0
수락산,2015-05-11 7:00,16.1,1.3,0
수락산,2015-05-11 8:00,17,3,0
수락산,2015-05-11 9:00,18.3,3.4,0
수락산,2015-05-11 10:00,19.4,2.3,0
수락산,2015-05-11 11:00,21.3,2.4,0
수락산,2015-05-11 12:00,21.9,3,0
수락산,2015-05-11 13:00,21.9,2.8,0
수락산,2015-05-11 14:00,22,2.7,0
수락산,2015-05-11 15:00,22.9,2.6,0
수락산,2015-05-11 16:00,22.4,3.2,0
수락산,2015-05-11 17:00,21.7,3.2,0
수락산,2015-05-11 18:00,20.9,4.2,0
수락산,2015-05-11 19:00,16.5,2,1
수락산,2015-05-11 20:00,15.2,3,6
수락산,2015-05-11 21:00,14.8,4,5
수락산,2015-05-11 22:00,14.8,2.1,8.5
수락산,2015-05-11 23:00,15.3,3.7,2
수락산,2015-05-12 0:00,15.7,2.8,1.5
수락산,2015-05-12 1:00,16.2,2.4,4.5
수락산,2015-05-12 2:00,15.3,2.7,4
수락산,2015-05-12 3:00,13.2,2.5,1
수락산,2015-05-12 4:00,11.9,2.1,0
수락산,2015-05-12 5:00,10.8,2.4,2
수락산,2015-05-12 6:00,10.5,2.7,1
수락산,2015-05-12 7:00,10.7,2.3,0
수락산,2015-05-12 8:00,11.1,1.4,0
수락산,2015-05-12 9:00,12.8,2.1,0
수락산,2015-05-12 10:00,13.5,2.6,0
수락산,2015-05-12 11:00,13.3,1.8,0
수락산,2015-05-12 12:00,14.8,1.8,0
수락산,2015-05-12 13:00,16.3,2.4,0
수락산,2015-05-12 14:00,18.2,3.2,0
수락산,2015-05-12 15:00,18.1,2.7,0
수락산,2015-05-12 16:00,16.4,3.4,0
수락산,2015-05-12 17:00,16.1,2.2,0
수락산,2015-05-12 18:00,13.7,3.6,0.5
수락산,2015-05-12 19:00,12.7,3.1,0.5
수락산,2015-05-12 20:00,12.6,3.4,0
수락산,2015-05-12 21:00,12.3,2.3,0
수락산,2015-05-12 22:00,12.2,1.2,0
수락산,2015-05-12 23:00,12.4,1.2,0
수락산,2015-05-13 0:00,12.9,2.6,0
수락산,2015-05-13 1:00,12,1.3,0
수락산,2015-05-13 2:00,12,1.8,0
수락산,2015-05-13 3:00,11.6,0.3,0
수락산,2015-05-13 4:00,12.8,1.3,0
수락산,2015-05-13 5:00,13.9,2.1,0
수락산,2015-05-13 6:00,14.6,2,0
수락산,2015-05-13 7:00,15.4,3,0
수락산,2015-05-13 8:00,17,2.1,0
수락산,2015-05-13 9:00,18.5,2.2,0
수락산,2015-05-13 10:00,19.4,3.1,0
수락산,2015-05-13 11:00,20.5,2.7,0
수락산,2015-05-13 12:00,21.9,2.8,0
수락산,2015-05-13 13:00,21.8,1.8,0
수락산,2015-05-13 14:00,22.2,2.9,0
수락산,2015-05-13 15:00,21.6,3.3,0
수락산,2015-05-13 16:00,21.1,3.9,0
수락산,2015-05-13 17:00,21.4,2.8,0
수락산,2015-05-13 18:00,21,2.9,0
수락산,2015-05-13 19:00,19.5,1.5,0
수락산,2015-05-13 20:00,18.4,1.7,0
수락산,2015-05-13 21:00,19.3,3.1,0
수락산,2015-05-13 22:00,18.9,3.1,0
수락산,2015-05-13 23:00,18.3,3.9,0
수락산,2015-05-14 0:00,17.9,3,0
수락산,2015-05-14 1:00,16.7,1.2,0
수락산,2015-05-14 2:00,15.9,0.8,0
수락산,2015-05-14 3:00,15.7,1.5,0
수락산,2015-05-14 4:00,14.8,0.5,0
수락산,2015-05-14 5:00,13.5,0.6,0
수락산,2015-05-14 6:00,15.3,1.4,0
수락산,2015-05-14 7:00,16.7,0.3,0
수락산,2015-05-14 8:00,18,1.5,0
수락산,2015-05-14 9:00,20.2,1.4,0
수락산,2015-05-14 10:00,20.7,1.4,0
수락산,2015-05-14 11:00,22.9,2.7,0
수락산,2015-05-14 12:00,23.9,2.3,0
수락산,2015-05-14 13:00,25.3,1.7,0
수락산,2015-05-14 14:00,26,3.4,0
수락산,2015-05-14 15:00,25.7,2.3,0
수락산,2015-05-14 16:00,25.6,2.6,0
수락산,2015-05-14 17:00,24.6,2.1,0
수락산,2015-05-14 18:00,23.2,2,0
수락산,2015-05-14 19:00,21.4,1.8,0
수락산,2015-05-14 20:00,19.9,1.8,0
수락산,2015-05-14 21:00,19.1,0.5,0
수락산,2015-05-14 22:00,19.4,1,0
수락산,2015-05-14 23:00,18.9,0.1,0
수락산,2015-05-15 0:00,19.3,0.8,0
수락산,2015-05-15 1:00,18.3,0.6,0
수락산,2015-05-15 2:00,18.1,1.1,0
수락산,2015-05-15 3:00,17.5,0.7,0
수락산,2015-05-15 4:00,17.1,1.1,0
수락산,2015-05-15 5:00,16.7,0.2,0
수락산,2015-05-15 6:00,16.9,1.1,0
수락산,2015-05-15 7:00,16.5,1.2,0
수락산,2015-05-15 8:00,16.5,1.4,0
수락산,2015-05-15 9:00,16.7,1.2,0
수락산,2015-05-15 10:00,18.1,0.8,0
수락산,2015-05-15 11:00,19.1,0.5,0
수락산,2015-05-15 12:00,21.1,1.4,0
수락산,2015-05-15 13:00,21.3,2.7,0
수락산,2015-05-15 14:00,22.1,1.3,0
수락산,2015-05-15 15:00,22.7,3.2,0
수락산,2015-05-15 16:00,23.6,2,0
수락산,2015-05-15 17:00,23.2,3.1,0
수락산,2015-05-15 18:00,23.4,2.6,0
수락산,2015-05-15 19:00,21.5,1.7,0
수락산,2015-05-15 20:00,19.1,0,0
수락산,2015-05-15 21:00,18.3,0.9,0
수락산,2015-05-15 22:00,16.8,0.3,0
수락산,2015-05-15 23:00,15.9,0.9,0
수락산,2015-05-16 0:00,15,0.6,0
수락산,2015-05-16 1:00,13.6,0,0
수락산,2015-05-16 2:00,12.3,0,0
수락산,2015-05-16 3:00,11.3,0,0
수락산,2015-05-16 4:00,10.1,0,0
수락산,2015-05-16 5:00,8.9,0,0
수락산,2015-05-16 6:00,8.3,0,0
수락산,2015-05-16 7:00,11.9,0,0
수락산,2015-05-16 8:00,15,0.5,0
수락산,2015-05-16 9:00,17.3,0.8,0
수락산,2015-05-16 10:00,19.6,0.6,0
수락산,2015-05-16 11:00,22.2,1.6,0
수락산,2015-05-16 12:00,23.7,2.3,0
수락산,2015-05-16 13:00,24.2,2.8,0
수락산,2015-05-16 14:00,24.8,3.1,0
수락산,2015-05-16 15:00,24.9,2.2,0
수락산,2015-05-16 16:00,24.7,2.9,0
수락산,2015-05-16 17:00,23.9,2.3,0
수락산,2015-05-16 18:00,22.5,2.5,0
수락산,2015-05-16 19:00,20.7,1.9,0
수락산,2015-05-16 20:00,17.7,0.4,0
수락산,2015-05-16 21:00,15.8,0.9,0
수락산,2015-05-16 22:00,16.1,1.4,0
수락산,2015-05-16 23:00,14,0.6,0
수락산,2015-05-17 0:00,12,1.1,0
수락산,2015-05-17 1:00,11.6,0.3,0
수락산,2015-05-17 2:00,10.8,0,0
수락산,2015-05-17 3:00,9.8,0.1,0
수락산,2015-05-17 4:00,9.5,1.7,0
수락산,2015-05-17 5:00,9.5,0.2,0
수락산,2015-05-17 6:00,9.8,0.7,0
수락산,2015-05-17 7:00,11.6,1.2,0
수락산,2015-05-17 8:00,14.6,1.1,0
수락산,2015-05-17 9:00,16.8,1.3,0
수락산,2015-05-17 10:00,19.7,1.9,0
수락산,2015-05-17 11:00,21.7,1.8,0
수락산,2015-05-17 12:00,22.5,1.5,0
수락산,2015-05-17 13:00,23.7,1.6,0
수락산,2015-05-17 14:00,23.7,1.9,0
수락산,2015-05-17 15:00,23.9,2.2,0
수락산,2015-05-17 16:00,22.8,2.5,0
수락산,2015-05-17 17:00,23.1,2.2,0
수락산,2015-05-17 18:00,22.1,1.4,0
수락산,2015-05-17 19:00,19.9,1.2,0
수락산,2015-05-17 20:00,17.3,0.2,0
수락산,2015-05-17 21:00,15.5,0,0
수락산,2015-05-17 22:00,14.3,0.7,0
수락산,2015-05-17 23:00,13.1,0.3,0
수락산,2015-05-18 0:00,12.3,0,0
수락산,2015-05-18 1:00,11.8,0.1,0
수락산,2015-05-18 2:00,11.1,0.5,0
수락산,2015-05-18 3:00,11,0.2,0
수락산,2015-05-18 4:00,10.6,0.1,0
수락산,2015-05-18 5:00,10.2,0.3,0
수락산,2015-05-18 6:00,10.5,0,0
수락산,2015-05-18 7:00,12.7,0,0
수락산,2015-05-18 8:00,14.3,0,0
수락산,2015-05-18 9:00,15.8,0.5,0
수락산,2015-05-18 10:00,18.8,0.4,0
수락산,2015-05-18 11:00,20.1,1.6,0
수락산,2015-05-18 12:00,21.8,1.3,0
수락산,2015-05-18 13:00,22.6,1.3,0
수락산,2015-05-18 14:00,21.7,2.6,0
수락산,2015-05-18 15:00,22.1,1.7,0
수락산,2015-05-18 16:00,20.9,2.7,0
수락산,2015-05-18 17:00,20,2.4,0
수락산,2015-05-18 18:00,18.9,2.1,0
수락산,2015-05-18 19:00,18,1,0
수락산,2015-05-18 20:00,16.8,2.2,0
수락산,2015-05-18 21:00,16.2,1.2,0
수락산,2015-05-18 22:00,16.3,0.2,0
수락산,2015-05-18 23:00,16.2,0.4,0
수락산,2015-05-19 0:00,16.4,0.4,0
수락산,2015-05-19 1:00,16.3,0.6,0
수락산,2015-05-19 2:00,14.9,2.1,0
수락산,2015-05-19 3:00,14.5,1.3,0
수락산,2015-05-19 4:00,14.8,0.9,0
수락산,2015-05-19 5:00,14.3,1.2,0
수락산,2015-05-19 6:00,14.4,0.5,0
수락산,2015-05-19 7:00,14.7,1.3,0
수락산,2015-05-19 8:00,15,1.5,0
수락산,2015-05-19 9:00,16,0.7,0
수락산,2015-05-19 10:00,17,1.9,0
수락산,2015-05-19 11:00,17.8,1.9,0
수락산,2015-05-19 12:00,16.8,1.5,0
수락산,2015-05-19 13:00,16.7,2.4,0
수락산,2015-05-19 14:00,17,1.6,0
수락산,2015-05-19 15:00,16.5,3.2,0
수락산,2015-05-19 16:00,15.2,2.2,0
수락산,2015-05-19 17:00,15.5,1,0
수락산,2015-05-19 18:00,15.8,1.4,0
수락산,2015-05-19 19:00,15.3,0.8,0
수락산,2015-05-19 20:00,14.6,1.4,0
수락산,2015-05-19 21:00,13,1,0
수락산,2015-05-19 22:00,12.1,0,0
수락산,2015-05-19 23:00,12.1,1,0
수락산,2015-05-20 0:00,11.2,0.1,0
수락산,2015-05-20 1:00,10.4,0.1,0
수락산,2015-05-20 2:00,10,0.8,0
수락산,2015-05-20 3:00,9.1,0.4,0
수락산,2015-05-20 4:00,8.6,0.4,0
수락산,2015-05-20 5:00,8.5,0,0
수락산,2015-05-20 6:00,8.2,0,0
수락산,2015-05-20 7:00,10.1,0,0
수락산,2015-05-20 8:00,11.9,1,0
수락산,2015-05-20 9:00,14.3,1.7,0
수락산,2015-05-20 10:00,16.6,1.7,0
수락산,2015-05-20 11:00,17.3,3.1,0
수락산,2015-05-20 12:00,18.6,3,0
수락산,2015-05-20 13:00,20.2,2,0
수락산,2015-05-20 14:00,19.3,1.9,0
수락산,2015-05-20 15:00,20.8,2.1,0
수락산,2015-05-20 16:00,20.9,2.1,0
수락산,2015-05-20 17:00,21.3,1.3,0
수락산,2015-05-20 18:00,20.7,2.2,0
수락산,2015-05-20 19:00,19,1.4,0
수락산,2015-05-20 20:00,17.6,1,0
수락산,2015-05-20 21:00,15.3,0.4,0
수락산,2015-05-20 22:00,14.1,0,0
수락산,2015-05-20 23:00,13.4,0.5,0
수락산,2015-05-21 0:00,12.4,0.5,0
수락산,2015-05-21 1:00,13.1,0,0
수락산,2015-05-21 2:00,12.3,0.5,0
수락산,2015-05-21 3:00,12,0.1,0
수락산,2015-05-21 4:00,10.7,0.1,0
수락산,2015-05-21 5:00,9.6,0,0
수락산,2015-05-21 6:00,10.2,0.6,0
수락산,2015-05-21 7:00,12.3,1.1,0
수락산,2015-05-21 8:00,15.8,0.7,0
수락산,2015-05-21 9:00,18.3,1.4,0
수락산,2015-05-21 10:00,20.4,1.7,0
수락산,2015-05-21 11:00,22.5,1.2,0
수락산,2015-05-21 12:00,24.6,1.8,0
수락산,2015-05-21 13:00,25.8,2.3,0
수락산,2015-05-21 14:00,26.3,2.2,0
수락산,2015-05-21 15:00,25.6,1.9,0
수락산,2015-05-21 16:00,24.3,3.7,0
수락산,2015-05-21 17:00,23.5,1.5,0
수락산,2015-05-21 18:00,22.6,0.3,0
수락산,2015-05-21 19:00,20,0.3,0
수락산,2015-05-21 20:00,18,0.6,0
수락산,2015-05-21 21:00,16.9,0.6,0
수락산,2015-05-21 22:00,16.1,0,0
수락산,2015-05-21 23:00,14.4,0.6,0
수락산,2015-05-22 0:00,13.8,0,0
수락산,2015-05-22 1:00,13.1,0.4,0
수락산,2015-05-22 2:00,12.3,0,0
수락산,2015-05-22 3:00,11.5,0.2,0
수락산,2015-05-22 4:00,10.9,0.4,0
수락산,2015-05-22 5:00,10.5,0,0
수락산,2015-05-22 6:00,10.3,1,0
수락산,2015-05-22 7:00,13.7,0.3,0
수락산,2015-05-22 8:00,16.5,0.5,0
수락산,2015-05-22 9:00,18.7,1.5,0
수락산,2015-05-22 10:00,21.2,1.4,0
수락산,2015-05-22 11:00,23.3,1.8,0
수락산,2015-05-22 12:00,25.3,1.8,0
수락산,2015-05-22 13:00,26.5,2.7,0
수락산,2015-05-22 14:00,27,2.5,0
수락산,2015-05-22 15:00,26.7,2.6,0
수락산,2015-05-22 16:00,26.5,2.8,0
수락산,2015-05-22 17:00,24.6,2.8,0
수락산,2015-05-22 18:00,23.4,3.1,0
수락산,2015-05-22 19:00,21.6,0.9,0
수락산,2015-05-22 20:00,18.8,0.4,0
수락산,2015-05-22 21:00,18.4,0.7,0
수락산,2015-05-22 22:00,16.1,0.7,0
수락산,2015-05-22 23:00,14.8,0.2,0
수락산,2015-05-23 0:00,13.9,0,0
수락산,2015-05-23 1:00,13.1,0,0
수락산,2015-05-23 2:00,12.4,0.2,0
수락산,2015-05-23 3:00,11.4,0,0
수락산,2015-05-23 4:00,10.8,0,0
수락산,2015-05-23 5:00,9.8,0,0
수락산,2015-05-23 6:00,10.5,0,0
수락산,2015-05-23 7:00,13.1,0,0
수락산,2015-05-23 8:00,16.6,0.3,0
수락산,2015-05-23 9:00,18.9,0.7,0
수락산,2015-05-23 10:00,21.5,1.7,0
수락산,2015-05-23 11:00,22,1.9,0
수락산,2015-05-23 12:00,23.5,2.1,0
수락산,2015-05-23 13:00,26.1,1.6,0
수락산,2015-05-23 14:00,26.1,2.1,0
수락산,2015-05-23 15:00,26.6,2.3,0
수락산,2015-05-23 16:00,26.6,2.4,0
수락산,2015-05-23 17:00,26.3,2,0
수락산,2015-05-23 18:00,25.5,2.2,0
수락산,2015-05-23 19:00,23.4,1.5,0
수락산,2015-05-23 20:00,20.9,1.3,0
수락산,2015-05-23 21:00,19.3,1.3,0
수락산,2015-05-23 22:00,17.5,0.8,0
수락산,2015-05-23 23:00,15.5,0,0
수락산,2015-05-24 0:00,14.6,0,0
수락산,2015-05-24 1:00,13.4,0,0
수락산,2015-05-24 2:00,12.8,0,0
수락산,2015-05-24 3:00,11.7,0,0
수락산,2015-05-24 4:00,11,0,0
수락산,2015-05-24 5:00,10.2,0,0
수락산,2015-05-24 6:00,10.6,0,0
수락산,2015-05-24 7:00,13.7,0,0
수락산,2015-05-24 8:00,16.9,0.3,0
수락산,2015-05-24 9:00,20.4,1.2,0
수락산,2015-05-24 10:00,22.3,1.2,0
수락산,2015-05-24 11:00,23.5,1.3,0
수락산,2015-05-24 12:00,24.8,1.3,0
수락산,2015-05-24 13:00,26.3,1.5,0
수락산,2015-05-24 14:00,27.1,1.4,0
수락산,2015-05-24 15:00,27.6,1.8,0
수락산,2015-05-24 16:00,27.8,2.2,0
수락산,2015-05-24 17:00,26.5,2.5,0
수락산,2015-05-24 18:00,25.2,2.4,0
수락산,2015-05-24 19:00,22.8,1.9,0
수락산,2015-05-24 20:00,20.8,1.2,0
수락산,2015-05-24 21:00,18.7,0,0
수락산,2015-05-24 22:00,17.1,0.8,0
수락산,2015-05-24 23:00,16,1.2,0
수락산,2015-05-25 0:00,15,0.8,0
수락산,2015-05-25 1:00,13.6,0.3,0
수락산,2015-05-25 2:00,13.2,0,0
수락산,2015-05-25 3:00,12.4,0,0
수락산,2015-05-25 4:00,11.9,0,0
수락산,2015-05-25 5:00,11.1,0.5,0
수락산,2015-05-25 6:00,12,0,0
수락산,2015-05-25 7:00,14.4,0.7,0
수락산,2015-05-25 8:00,17.1,0.8,0
수락산,2015-05-25 9:00,19.6,1.2,0
수락산,2015-05-25 10:00,21.9,0.7,0
수락산,2015-05-25 11:00,23.8,1.2,0
수락산,2015-05-25 12:00,25.4,1.2,0
수락산,2015-05-25 13:00,27.3,1.1,0
수락산,2015-05-25 14:00,28,2.5,0
수락산,2015-05-25 15:00,29.1,1.6,0
수락산,2015-05-25 16:00,28.7,2.5,0
수락산,2015-05-25 17:00,27.5,2.6,0
수락산,2015-05-25 18:00,26.1,2.2,0
수락산,2015-05-25 19:00,23.4,1.1,0
수락산,2015-05-25 20:00,20.6,0,0
수락산,2015-05-25 21:00,19.5,1.3,0
수락산,2015-05-25 22:00,17.3,0,0
수락산,2015-05-25 23:00,16.2,0,0
수락산,2015-05-26 0:00,15.4,0,0
수락산,2015-05-26 1:00,14,0,0
수락산,2015-05-26 2:00,13.4,0,0
수락산,2015-05-26 3:00,12.6,0,0
수락산,2015-05-26 4:00,12.3,0.1,0
수락산,2015-05-26 5:00,11.7,0.9,0
수락산,2015-05-26 6:00,12,0.9,0
수락산,2015-05-26 7:00,14.6,0.3,0
수락산,2015-05-26 8:00,17.3,0.9,0
수락산,2015-05-26 9:00,20.4,1.1,0
수락산,2015-05-26 10:00,22.8,1.5,0
수락산,2015-05-26 11:00,25.3,1.5,0
수락산,2015-05-26 12:00,27.3,1.2,0
수락산,2015-05-26 13:00,28.9,1.5,0
수락산,2015-05-26 14:00,29.3,2.2,0
수락산,2015-05-26 15:00,29.5,3.1,0
수락산,2015-05-26 16:00,28.8,3.1,0
수락산,2015-05-26 17:00,27.9,2.8,0
수락산,2015-05-26 18:00,25.9,1.4,0
수락산,2015-05-26 19:00,23.8,2.4,0
수락산,2015-05-26 20:00,21.2,0.8,0
수락산,2015-05-26 21:00,19,0.4,0
수락산,2015-05-26 22:00,17.1,0.8,0
수락산,2015-05-26 23:00,16,0.2,0
수락산,2015-05-27 0:00,14.3,0,0
수락산,2015-05-27 1:00,13.8,0,0
수락산,2015-05-27 2:00,13,0.5,0
수락산,2015-05-27 3:00,12,0,0
수락산,2015-05-27 4:00,11.2,0,0
수락산,2015-05-27 5:00,10.7,0,0
수락산,2015-05-27 6:00,10.6,0.1,0
수락산,2015-05-27 7:00,14.3,0,0
수락산,2015-05-27 8:00,17.9,0.3,0
수락산,2015-05-27 9:00,21.7,1.1,0
수락산,2015-05-27 10:00,24.1,0.7,0
수락산,2015-05-27 11:00,26.8,0.9,0
수락산,2015-05-27 12:00,28.2,2.8,0
수락산,2015-05-27 13:00,29,2.2,0
수락산,2015-05-27 14:00,29.2,2.3,0
수락산,2015-05-27 15:00,29.9,2.1,0
수락산,2015-05-27 16:00,29.8,1.9,0
수락산,2015-05-27 17:00,29.1,1.6,0
수락산,2015-05-27 18:00,27.4,2.6,0
수락산,2015-05-27 19:00,25,2.3,0
수락산,2015-05-27 20:00,22.1,0.8,0
수락산,2015-05-27 21:00,20.6,0,0
수락산,2015-05-27 22:00,19.4,0.1,0
수락산,2015-05-27 23:00,18.5,0,0
수락산,2015-05-28 0:00,17.4,0,0
수락산,2015-05-28 1:00,16.8,0.7,0
수락산,2015-05-28 2:00,15.6,0,0
수락산,2015-05-28 3:00,14.5,0,0
수락산,2015-05-28 4:00,14,0,0
수락산,2015-05-28 5:00,12.7,0,0
수락산,2015-05-28 6:00,13.4,0,0
수락산,2015-05-28 7:00,15.9,0,0
수락산,2015-05-28 8:00,19.1,1.3,0
수락산,2015-05-28 9:00,22.3,0.9,0
수락산,2015-05-28 10:00,25.5,1.8,0
수락산,2015-05-28 11:00,27.2,1.7,0
수락산,2015-05-28 12:00,29.4,1.3,0
수락산,2015-05-28 13:00,30.1,1.2,0
수락산,2015-05-28 14:00,30.5,1.9,0
수락산,2015-05-28 15:00,30.8,2,0
수락산,2015-05-28 16:00,29.3,2.9,0
수락산,2015-05-28 17:00,28.3,2.5,0
수락산,2015-05-28 18:00,27.9,2.4,0
수락산,2015-05-28 19:00,25.8,1.2,0
수락산,2015-05-28 20:00,24.2,2.2,0
수락산,2015-05-28 21:00,22.4,0.8,0
수락산,2015-05-28 22:00,20.7,0.3,0
수락산,2015-05-28 23:00,19.8,0,0
수락산,2015-05-29 0:00,18.4,0,0
수락산,2015-05-29 1:00,17.5,0,0
수락산,2015-05-29 2:00,16.6,0,0
수락산,2015-05-29 3:00,16.7,0,0
수락산,2015-05-29 4:00,15.2,0,0
수락산,2015-05-29 5:00,15.8,0.4,0
수락산,2015-05-29 6:00,15.9,0,0
수락산,2015-05-29 7:00,16.3,0,0
수락산,2015-05-29 8:00,20.3,1,0
수락산,2015-05-29 9:00,22.7,0.6,0
수락산,2015-05-29 10:00,24.4,0.7,0
수락산,2015-05-29 11:00,26.2,1.6,0
수락산,2015-05-29 12:00,27.9,0.9,0
수락산,2015-05-29 13:00,28.6,2.5,0
수락산,2015-05-29 14:00,28,2.5,0
수락산,2015-05-29 15:00,27.4,2.4,0
수락산,2015-05-29 16:00,27.1,1.9,0
수락산,2015-05-29 17:00,26.7,1.7,0
수락산,2015-05-29 18:00,26,2.4,0
수락산,2015-05-29 19:00,25,1.5,0
수락산,2015-05-29 20:00,23.3,1.7,0
수락산,2015-05-29 21:00,22.2,1.3,0
수락산,2015-05-29 22:00,21.4,0.1,0
수락산,2015-05-29 23:00,20.6,0.5,0
수락산,2015-05-30 0:00,19.6,0.4,0
수락산,2015-05-30 1:00,19,0,0
수락산,2015-05-30 2:00,18.8,0.2,0
수락산,2015-05-30 3:00,18.8,0.1,0
수락산,2015-05-30 4:00,18.2,0.2,0
수락산,2015-05-30 5:00,18.1,0,0
수락산,2015-05-30 6:00,18.3,0.2,0
수락산,2015-05-30 7:00,18.4,0.9,0
수락산,2015-05-30 8:00,19,0.5,0
수락산,2015-05-30 9:00,19.2,1.5,0
수락산,2015-05-30 10:00,19.7,0.8,0
수락산,2015-05-30 11:00,20.6,1.2,0
수락산,2015-05-30 12:00,19.9,1.8,0
수락산,2015-05-30 13:00,20.3,1.3,0
수락산,2015-05-30 14:00,19.5,0.4,0
수락산,2015-05-30 15:00,20.8,3.5,0
수락산,2015-05-30 16:00,22.9,2.2,0
수락산,2015-05-30 17:00,23.2,1.7,0
수락산,2015-05-30 18:00,22.2,2.1,0
수락산,2015-05-30 19:00,21.2,1.4,0
수락산,2015-05-30 20:00,19.6,1.1,0
수락산,2015-05-30 21:00,18.9,1,0
수락산,2015-05-30 22:00,17.1,0.6,0
수락산,2015-05-30 23:00,15.8,0.6,0
수락산,2015-05-31 0:00,15,0.6,0
수락산,2015-05-31 1:00,14.1,0,0
수락산,2015-05-31 2:00,13.6,0,0
수락산,2015-05-31 3:00,12.8,0.1,0
수락산,2015-05-31 4:00,13.2,0.1,0
수락산,2015-05-31 5:00,13.3,0.5,0
수락산,2015-05-31 6:00,14.3,0.5,0
수락산,2015-05-31 7:00,15.5,1.1,0
수락산,2015-05-31 8:00,16.7,1,0
수락산,2015-05-31 9:00,17.8,2.1,0
수락산,2015-05-31 10:00,20.4,2,0
수락산,2015-05-31 11:00,23.5,0.5,0
수락산,2015-05-31 12:00,26,2,0
수락산,2015-05-31 13:00,27,1,0
수락산,2015-05-31 14:00,27.6,0.9,0
수락산,2015-05-31 15:00,28.9,1.8,0
수락산,2015-05-31 16:00,28.8,1,0
수락산,2015-05-31 17:00,29.3,0.7,0
수락산,2015-05-31 18:00,27.2,2.4,0
수락산,2015-05-31 19:00,24.7,1.6,0
수락산,2015-05-31 20:00,22.6,1,0
수락산,2015-05-31 21:00,20.8,0,0
수락산,2015-05-31 22:00,18.4,0.5,0
수락산,2015-05-31 23:00,17.1,0.9,0
수락산,2015-06-01 0:00,16,0,0
수락산,2015-06-01 1:00,14.5,0.3,0
수락산,2015-06-01 2:00,14.2,0,0
수락산,2015-06-01 3:00,12.9,0.8,0
수락산,2015-06-01 4:00,12.3,0,0
수락산,2015-06-01 5:00,11.7,0,0
수락산,2015-06-01 6:00,12.3,0,0
수락산,2015-06-01 7:00,15.6,0,0
수락산,2015-06-01 8:00,18.7,0.8,0
수락산,2015-06-01 9:00,21,1.2,0
수락산,2015-06-01 10:00,22.8,1.4,0
수락산,2015-06-01 11:00,24.1,1.5,0
수락산,2015-06-01 12:00,25.9,1.4,0
수락산,2015-06-01 13:00,26.9,2.5,0
수락산,2015-06-01 14:00,27,2,0
수락산,2015-06-01 15:00,27.6,1.7,0
수락산,2015-06-01 16:00,25.8,1.8,0
수락산,2015-06-01 17:00,25.3,2.3,0
수락산,2015-06-01 18:00,24.7,2.8,0
수락산,2015-06-01 19:00,23.1,2,0
수락산,2015-06-01 20:00,21.5,1.5,0
수락산,2015-06-01 21:00,19.4,0.2,0
수락산,2015-06-01 22:00,18.1,0,0
수락산,2015-06-01 23:00,17,0.1,0
수락산,2015-06-02 0:00,16.4,0.6,0
수락산,2015-06-02 1:00,16,0,0
수락산,2015-06-02 2:00,15.5,0.1,0
수락산,2015-06-02 3:00,15.5,0.9,0
수락산,2015-06-02 4:00,15.4,0,0
수락산,2015-06-02 5:00,15.6,0.2,0
수락산,2015-06-02 6:00,16.1,0.1,0
수락산,2015-06-02 7:00,17.7,0.2,0
수락산,2015-06-02 8:00,20,0.6,0
수락산,2015-06-02 9:00,22.6,0.9,0
수락산,2015-06-02 10:00,24.9,1.2,0
수락산,2015-06-02 11:00,26.6,1.2,0
수락산,2015-06-02 12:00,27.5,1.3,0
수락산,2015-06-02 13:00,29.1,1.4,0
수락산,2015-06-02 14:00,28.4,2.7,0
수락산,2015-06-02 15:00,27.5,3,0
수락산,2015-06-02 16:00,26.5,3.2,0
수락산,2015-06-02 17:00,27,1.8,0
수락산,2015-06-02 18:00,25.1,2.4,0
수락산,2015-06-02 19:00,24.1,1.6,0
수락산,2015-06-02 20:00,22.5,2,0
수락산,2015-06-02 21:00,21.4,2,0
수락산,2015-06-02 22:00,20.5,1.3,0
수락산,2015-06-02 23:00,19.8,1.8,0
수락산,2015-06-03 0:00,19,0.7,0
수락산,2015-06-03 1:00,17.9,0.5,0
수락산,2015-06-03 2:00,18.2,0.8,0
수락산,2015-06-03 3:00,18.4,2.5,0
수락산,2015-06-03 4:00,17.7,2.8,0
수락산,2015-06-03 5:00,16.7,2.2,0
수락산,2015-06-03 6:00,15.8,0.8,0
수락산,2015-06-03 7:00,17.5,1.3,0
수락산,2015-06-03 8:00,19.9,2,0
수락산,2015-06-03 9:00,21.3,3.6,0
수락산,2015-06-03 10:00,22.8,3.3,0
수락산,2015-06-03 11:00,24.3,3.6,0
수락산,2015-06-03 12:00,25.3,4.6,0
수락산,2015-06-03 13:00,26.3,3.4,0
수락산,2015-06-03 14:00,26.9,3.7,0
수락산,2015-06-03 15:00,27.5,3.8,0
수락산,2015-06-03 16:00,27.9,3.4,0
수락산,2015-06-03 17:00,27.4,4,0
수락산,2015-06-03 18:00,26.8,3.3,0
수락산,2015-06-03 19:00,25.6,2.4,0
수락산,2015-06-03 20:00,23,1.2,0
수락산,2015-06-03 21:00,22.8,2.5,0
수락산,2015-06-03 22:00,22.3,2.3,0
수락산,2015-06-03 23:00,21.6,1.1,0
수락산,2015-06-04 0:00,18.7,0.2,0
수락산,2015-06-04 1:00,18.1,0.1,0
수락산,2015-06-04 2:00,16,0,0
수락산,2015-06-04 3:00,14.5,1,0
수락산,2015-06-04 4:00,14.2,0,0
수락산,2015-06-04 5:00,12.9,0.3,0
수락산,2015-06-04 6:00,13,0,0
수락산,2015-06-04 7:00,15.5,0.4,0
수락산,2015-06-04 8:00,19.3,0.7,0
수락산,2015-06-04 9:00,23,0.5,0
수락산,2015-06-04 10:00,25.4,0.8,0
수락산,2015-06-04 11:00,27.1,2,0
수락산,2015-06-04 12:00,29.2,1.9,0
수락산,2015-06-04 13:00,29.8,1.6,0
수락산,2015-06-04 14:00,30.9,1.6,0
수락산,2015-06-04 15:00,29.7,3,0
수락산,2015-06-04 16:00,27.7,2.4,0
수락산,2015-06-04 17:00,26.8,1.7,0
수락산,2015-06-04 18:00,25.5,0.6,0
수락산,2015-06-04 19:00,24.4,1.4,0
수락산,2015-06-04 20:00,23.1,0.4,0
수락산,2015-06-04 21:00,21.5,0,0
수락산,2015-06-04 22:00,20.6,0.2,0
수락산,2015-06-04 23:00,20.3,0.7,0
수락산,2015-06-05 0:00,19.6,0.2,0
수락산,2015-06-05 1:00,19.1,0.5,0
수락산,2015-06-05 2:00,18.3,0,0
수락산,2015-06-05 3:00,18.6,0.1,0
수락산,2015-06-05 4:00,18.4,0.5,0
수락산,2015-06-05 5:00,18.8,1.3,0
수락산,2015-06-05 6:00,17,0.4,0
수락산,2015-06-05 7:00,16.5,0.9,0
수락산,2015-06-05 8:00,16.5,0.1,0
수락산,2015-06-05 9:00,17.4,0.5,0
수락산,2015-06-05 10:00,17.5,0.8,0
수락산,2015-06-05 11:00,17.7,1.5,0
수락산,2015-06-05 12:00,17.7,1.8,0
수락산,2015-06-05 13:00,17.8,0.8,0
수락산,2015-06-05 14:00,18.1,1.4,0
수락산,2015-06-05 15:00,18.8,0.5,0
수락산,2015-06-05 16:00,19.2,1.1,0
수락산,2015-06-05 17:00,19.4,1.1,0
수락산,2015-06-05 18:00,18.7,1,0
수락산,2015-06-05 19:00,18.2,0.9,0
수락산,2015-06-05 20:00,17.8,0.6,0
수락산,2015-06-05 21:00,17,0.2,0
수락산,2015-06-05 22:00,16.6,0.5,0
수락산,2015-06-05 23:00,15.7,0.3,0
수락산,2015-06-06 0:00,14.7,0.7,0
수락산,2015-06-06 1:00,14.9,0.5,0
수락산,2015-06-06 2:00,15.2,0.6,0
수락산,2015-06-06 3:00,15.3,0.5,0
수락산,2015-06-06 4:00,15.2,0.6,0
수락산,2015-06-06 5:00,15.1,0.7,0
수락산,2015-06-06 6:00,15,0,0
수락산,2015-06-06 7:00,15.9,0.1,0
수락산,2015-06-06 8:00,17.9,2,0
수락산,2015-06-06 9:00,19.7,2,0
수락산,2015-06-06 10:00,21.4,2.2,0
수락산,2015-06-06 11:00,22.8,2.2,0
수락산,2015-06-06 12:00,23.4,2,0
수락산,2015-06-06 13:00,24,2.1,0
수락산,2015-06-06 14:00,25.5,2.9,0
수락산,2015-06-06 15:00,26.9,1.8,0
수락산,2015-06-06 16:00,26.4,2.3,0
수락산,2015-06-06 17:00,26.2,1.7,0
수락산,2015-06-06 18:00,26,1.9,0
수락산,2015-06-06 19:00,24.9,2,0
수락산,2015-06-06 20:00,23.5,1,0
수락산,2015-06-06 21:00,22,0.4,0
수락산,2015-06-06 22:00,21.8,1.7,0
수락산,2015-06-06 23:00,20.8,0.9,0
수락산,2015-06-07 0:00,19.2,0.3,0
수락산,2015-06-07 1:00,19.4,0.2,0
수락산,2015-06-07 2:00,17.9,0,0
수락산,2015-06-07 3:00,17.1,0.5,0
수락산,2015-06-07 4:00,16.1,0,0
수락산,2015-06-07 5:00,15.9,0,0
수락산,2015-06-07 6:00,16.1,0,0
수락산,2015-06-07 7:00,18.1,0,0
수락산,2015-06-07 8:00,20,0.6,0
수락산,2015-06-07 9:00,21.5,1.2,0
수락산,2015-06-07 10:00,22.1,1.3,0
수락산,2015-06-07 11:00,24.1,1.4,0
수락산,2015-06-07 12:00,24.9,1.8,0
수락산,2015-06-07 13:00,26.3,2,0
수락산,2015-06-07 14:00,27.9,2.4,0
수락산,2015-06-07 15:00,29.3,1.6,0
수락산,2015-06-07 16:00,29.1,2,0
수락산,2015-06-07 17:00,28.4,2.9,0
수락산,2015-06-07 18:00,26.5,3.2,0
수락산,2015-06-07 19:00,24.3,2.6,0
수락산,2015-06-07 20:00,22.4,1.5,0
수락산,2015-06-07 21:00,21,0.2,0
수락산,2015-06-07 22:00,20,0.4,0
수락산,2015-06-07 23:00,18.2,0,0
수락산,2015-06-08 0:00,17.4,0,0
수락산,2015-06-08 1:00,16.9,0,0
수락산,2015-06-08 2:00,16.7,0,0
수락산,2015-06-08 3:00,16.5,0,0
수락산,2015-06-08 4:00,16,0.4,0
수락산,2015-06-08 5:00,15.7,0,0
수락산,2015-06-08 6:00,15.8,0.1,0
수락산,2015-06-08 7:00,17.6,0,0
수락산,2015-06-08 8:00,18.9,0,0
수락산,2015-06-08 9:00,20.8,0.3,0
수락산,2015-06-08 10:00,22,0.9,0
수락산,2015-06-08 11:00,23.5,0.8,0
수락산,2015-06-08 12:00,23.6,1.4,0
수락산,2015-06-08 13:00,24.8,1.7,0
수락산,2015-06-08 14:00,24.8,1.4,0
수락산,2015-06-08 15:00,25.2,1,0
수락산,2015-06-08 16:00,24.9,1.7,0
수락산,2015-06-08 17:00,25.2,1.6,0
수락산,2015-06-08 18:00,24.6,2.2,0
수락산,2015-06-08 19:00,23.2,1,0
수락산,2015-06-08 20:00,22.2,2.2,0
수락산,2015-06-08 21:00,21.2,0.9,0
수락산,2015-06-08 22:00,19.7,0.3,0
수락산,2015-06-08 23:00,19.2,0.6,0
수락산,2015-06-09 0:00,17.6,0,0
수락산,2015-06-09 1:00,16.7,0,0
수락산,2015-06-09 2:00,16.5,0,0
수락산,2015-06-09 3:00,16.1,0,0
수락산,2015-06-09 4:00,16.7,0,0
수락산,2015-06-09 5:00,16.8,0,0
수락산,2015-06-09 6:00,17.7,0.2,0
수락산,2015-06-09 7:00,19,0.3,0
수락산,2015-06-09 8:00,19.6,1.6,0
수락산,2015-06-09 9:00,20.9,1.2,0
수락산,2015-06-09 10:00,22.7,1.8,0
수락산,2015-06-09 11:00,25.1,1.9,0
수락산,2015-06-09 12:00,25.9,1.3,0
수락산,2015-06-09 13:00,27,1.8,0
수락산,2015-06-09 14:00,27.4,2.4,0
수락산,2015-06-09 15:00,28,3.1,0
수락산,2015-06-09 16:00,26.1,3.8,0
수락산,2015-06-09 17:00,25.6,2.7,0
수락산,2015-06-09 18:00,24.3,2.4,0
수락산,2015-06-09 19:00,22.5,2.9,0
수락산,2015-06-09 20:00,20.8,2.3,0
수락산,2015-06-09 21:00,20,1.6,0
수락산,2015-06-09 22:00,18.6,0,0
수락산,2015-06-09 23:00,17.8,0,0
수락산,2015-06-10 0:00,17.2,0,0
수락산,2015-06-10 1:00,16.6,0,0
수락산,2015-06-10 2:00,16.1,0.3,0
수락산,2015-06-10 3:00,15.6,0,0
수락산,2015-06-10 4:00,15.5,0,0
수락산,2015-06-10 5:00,15.2,0,0
수락산,2015-06-10 6:00,15.6,0,0
수락산,2015-06-10 7:00,17.8,0.3,0
수락산,2015-06-10 8:00,20.6,1,0
수락산,2015-06-10 9:00,23.4,1,0
수락산,2015-06-10 10:00,26.3,1.8,0
수락산,2015-06-10 11:00,28.4,1.7,0
수락산,2015-06-10 12:00,30,1.9,0
수락산,2015-06-10 13:00,30.6,2.4,0
수락산,2015-06-10 14:00,31.5,2.1,0
수락산,2015-06-10 15:00,32.3,2.1,0
수락산,2015-06-10 16:00,32.6,1.4,0
수락산,2015-06-10 17:00,33,1.8,0
수락산,2015-06-10 18:00,30.1,3.4,0
수락산,2015-06-10 19:00,27.4,3,0
수락산,2015-06-10 20:00,25.1,0.9,0
수락산,2015-06-10 21:00,24.4,1,0
수락산,2015-06-10 22:00,22.7,1.1,0
수락산,2015-06-10 23:00,21.6,0,0
수락산,2015-06-11 0:00,20.6,0,0
수락산,2015-06-11 1:00,19.9,0,0
수락산,2015-06-11 2:00,19.8,0,0
수락산,2015-06-11 3:00,18.7,0.9,0
수락산,2015-06-11 4:00,18,0,0
수락산,2015-06-11 5:00,17.4,0,0
수락산,2015-06-11 6:00,18,0,0
수락산,2015-06-11 7:00,20.1,0.9,0
수락산,2015-06-11 8:00,23.2,0.2,0
수락산,2015-06-11 9:00,26.3,1.8,0
수락산,2015-06-11 10:00,28,2.4,0
수락산,2015-06-11 11:00,27.9,2.6,0
수락산,2015-06-11 12:00,30.2,2.7,0
수락산,2015-06-11 13:00,29.1,4.1,0
수락산,2015-06-11 14:00,28.8,2.2,0
수락산,2015-06-11 15:00,28.4,3.5,0
수락산,2015-06-11 16:00,27.5,3.3,0
수락산,2015-06-11 17:00,27,1.4,0
수락산,2015-06-11 18:00,25.6,2.8,0
수락산,2015-06-11 19:00,23.6,1.8,0
수락산,2015-06-11 20:00,21,1.1,0.5
수락산,2015-06-11 21:00,20.2,0.3,1
수락산,2015-06-11 22:00,20.2,0.5,0.5
수락산,2015-06-11 23:00,20.5,1,1
수락산,2015-06-12 0:00,20.6,0.6,3
수락산,2015-06-12 1:00,20.8,0.3,0.5
수락산,2015-06-12 2:00,20.3,1.3,0
수락산,2015-06-12 3:00,19.8,1.5,0.5
수락산,2015-06-12 4:00,19.4,0,0
수락산,2015-06-12 5:00,19.3,1.7,0
수락산,2015-06-12 6:00,19,1.2,0.5
수락산,2015-06-12 7:00,20,0.3,0
수락산,2015-06-12 8:00,21,1.2,0
수락산,2015-06-12 9:00,21.4,1.3,0
수락산,2015-06-12 10:00,22.9,1.6,0
수락산,2015-06-12 11:00,24,1.2,0
수락산,2015-06-12 12:00,26,2.4,0
수락산,2015-06-12 13:00,27.2,1.5,0
수락산,2015-06-12 14:00,28.3,2.3,0
수락산,2015-06-12 15:00,29.1,1.3,0
수락산,2015-06-12 16:00,28.7,3,0
수락산,2015-06-12 17:00,27.9,2.9,0
수락산,2015-06-12 18:00,27,1.6,0
수락산,2015-06-12 19:00,24.9,1.5,0
수락산,2015-06-12 20:00,23.8,0.8,0
수락산,2015-06-12 21:00,22.8,1.2,0
수락산,2015-06-12 22:00,20.6,1,0
수락산,2015-06-12 23:00,20.8,0.2,0
수락산,2015-06-13 0:00,21.6,1,0
수락산,2015-06-13 1:00,19.3,0.1,0
수락산,2015-06-13 2:00,18.4,1.4,1
수락산,2015-06-13 3:00,18.2,0.9,0
수락산,2015-06-13 4:00,17.2,0.3,0
수락산,2015-06-13 5:00,17.7,0,0
수락산,2015-06-13 6:00,18.3,0.3,0
수락산,2015-06-13 7:00,20.1,0.6,0
수락산,2015-06-13 8:00,21,0.6,0
수락산,2015-06-13 9:00,22.2,0.5,0
수락산,2015-06-13 10:00,23.5,1,0
수락산,2015-06-13 11:00,24.8,1.2,0
수락산,2015-06-13 12:00,27.1,3.1,0
수락산,2015-06-13 13:00,28.9,1.5,0
수락산,2015-06-13 14:00,28.1,0.7,0
수락산,2015-06-13 15:00,29.5,1.9,0
수락산,2015-06-13 16:00,29.3,1.7,0
수락산,2015-06-13 17:00,28.3,1.9,0
수락산,2015-06-13 18:00,27.3,1.8,0
수락산,2015-06-13 19:00,26.2,1.5,0
수락산,2015-06-13 20:00,24.7,1.8,0
수락산,2015-06-13 21:00,24.3,0.5,0
수락산,2015-06-13 22:00,23,0.3,0
수락산,2015-06-13 23:00,22.8,0.6,0
수락산,2015-06-14 0:00,22.8,0.3,0
수락산,2015-06-14 1:00,22.4,0.8,0
수락산,2015-06-14 2:00,21.9,1,0
수락산,2015-06-14 3:00,20.6,0,0
수락산,2015-06-14 4:00,20.9,0.5,0
수락산,2015-06-14 5:00,20.5,0.3,0
수락산,2015-06-14 6:00,16.7,1.5,15
수락산,2015-06-14 7:00,16.7,1.9,2
수락산,2015-06-14 8:00,17.7,0.7,0
수락산,2015-06-14 9:00,20.1,1,0
수락산,2015-06-14 10:00,22.9,2.6,0
수락산,2015-06-14 11:00,24.3,1.6,0
수락산,2015-06-14 12:00,25.6,1.2,0
수락산,2015-06-14 13:00,25.5,1.2,0
수락산,2015-06-14 14:00,27,2.2,0
수락산,2015-06-14 15:00,27.2,2,0
수락산,2015-06-14 16:00,26.4,2.3,0
수락산,2015-06-14 17:00,26.1,1.9,0
수락산,2015-06-14 18:00,25,1.7,0
수락산,2015-06-14 19:00,23.9,1.6,0
수락산,2015-06-14 20:00,22.9,1.4,0
수락산,2015-06-14 21:00,21.1,1.2,0
수락산,2015-06-14 22:00,20.2,0,0
수락산,2015-06-14 23:00,19.6,0,0
수락산,2015-06-15 0:00,19,0.2,0
수락산,2015-06-15 1:00,18.2,0,0
수락산,2015-06-15 2:00,17.7,0,0
수락산,2015-06-15 3:00,17.5,0,0
수락산,2015-06-15 4:00,17.6,0,0
수락산,2015-06-15 5:00,17.3,0.1,0
수락산,2015-06-15 6:00,17.6,0,0
수락산,2015-06-15 7:00,19.4,0,0
수락산,2015-06-15 8:00,21.6,1.2,0
수락산,2015-06-15 9:00,23.6,0.8,0
수락산,2015-06-15 10:00,25.7,0.5,0
수락산,2015-06-15 11:00,26.6,1.6,0
수락산,2015-06-15 12:00,27.3,1.7,0
수락산,2015-06-15 13:00,28.8,1.8,0
수락산,2015-06-15 14:00,29.3,2.3,0
수락산,2015-06-15 15:00,28.5,1.9,0
수락산,2015-06-15 16:00,29,2.7,0
수락산,2015-06-15 17:00,28.6,1.7,0
수락산,2015-06-15 18:00,27.1,2.4,0
수락산,2015-06-15 19:00,25.5,2,0
수락산,2015-06-15 20:00,24.2,1.9,0
수락산,2015-06-15 21:00,23.5,0.5,0
수락산,2015-06-15 22:00,22,0.1,0
수락산,2015-06-15 23:00,21.4,0,0
수락산,2015-06-16 0:00,20.9,0,0
수락산,2015-06-16 1:00,20.6,0,0
수락산,2015-06-16 2:00,20.3,0,0
수락산,2015-06-16 3:00,19.8,0,0
수락산,2015-06-16 4:00,19.3,0,0
수락산,2015-06-16 5:00,19.5,0.6,0
수락산,2015-06-16 6:00,19.3,0.3,0
수락산,2015-06-16 7:00,20.7,0,0
수락산,2015-06-16 8:00,,,0
수락산,2015-06-16 9:00,23.7,,0
수락산,2015-06-16 10:00,26.1,1.1,0
수락산,2015-06-16 11:00,27.1,1,0
수락산,2015-06-16 12:00,28.9,1.4,0
수락산,2015-06-16 13:00,28.4,1.6,0
수락산,2015-06-16 14:00,27.9,2,0
수락산,2015-06-16 15:00,30.1,1.8,0
수락산,2015-06-16 16:00,28.7,2.5,0
수락산,2015-06-16 17:00,29.2,2.2,0
수락산,2015-06-16 18:00,28.1,1.8,0
수락산,2015-06-16 19:00,24.4,4.1,0
수락산,2015-06-16 20:00,21.9,1.7,0
수락산,2015-06-16 21:00,21.4,0.4,0
수락산,2015-06-16 22:00,20.8,0.2,0
수락산,2015-06-16 23:00,20.8,0.6,0
수락산,2015-06-17 0:00,20.2,0.3,0
수락산,2015-06-17 1:00,19.1,1.1,0
수락산,2015-06-17 2:00,19,0.8,0
수락산,2015-06-17 3:00,18.3,0,0
수락산,2015-06-17 4:00,18,0.2,0
수락산,2015-06-17 5:00,17.8,1.2,0
수락산,2015-06-17 6:00,18.3,0.7,0
수락산,2015-06-17 7:00,19.8,1,0
수락산,2015-06-17 8:00,22.4,1,0
수락산,2015-06-17 9:00,24,1.9,0
수락산,2015-06-17 10:00,26.2,2.1,0
수락산,2015-06-17 11:00,26.2,2,0
수락산,2015-06-17 12:00,27.9,2.3,0
수락산,2015-06-17 13:00,28.3,1.1,0
수락산,2015-06-17 14:00,29.5,1.6,0
수락산,2015-06-17 15:00,28.7,0.6,0
수락산,2015-06-17 16:00,26,1.8,0
수락산,2015-06-17 17:00,26,2,0
수락산,2015-06-17 18:00,24.9,2.4,0
수락산,2015-06-17 19:00,24.5,1.3,0
수락산,2015-06-17 20:00,23.5,2.2,0
수락산,2015-06-17 21:00,22.2,1,0
수락산,2015-06-17 22:00,22.2,0.9,0
수락산,2015-06-17 23:00,21.8,0,0
수락산,2015-06-18 0:00,21.6,0.7,0
수락산,2015-06-18 1:00,20.6,0.8,0
수락산,2015-06-18 2:00,20.2,0,0
수락산,2015-06-18 3:00,20.1,0.3,0
수락산,2015-06-18 4:00,20.3,0.5,0
수락산,2015-06-18 5:00,19.2,0.3,0
수락산,2015-06-18 6:00,18.8,0.1,0
수락산,2015-06-18 7:00,19.8,0.9,0
수락산,2015-06-18 8:00,20.6,0,0
수락산,2015-06-18 9:00,22.6,0.3,0
수락산,2015-06-18 10:00,23.5,1.8,0
수락산,2015-06-18 11:00,25.9,2,0
수락산,2015-06-18 12:00,26.4,1.1,0
수락산,2015-06-18 13:00,27.7,1.7,0
수락산,2015-06-18 14:00,28.7,1.7,0
수락산,2015-06-18 15:00,29.3,1.2,0
수락산,2015-06-18 16:00,29.9,1.1,0
수락산,2015-06-18 17:00,29.4,1.6,0
수락산,2015-06-18 18:00,27.7,1.8,0
수락산,2015-06-18 19:00,27.2,2.9,0
수락산,2015-06-18 20:00,25.6,2.6,0
수락산,2015-06-18 21:00,24.3,1.7,0
수락산,2015-06-18 22:00,23.3,1,0
수락산,2015-06-18 23:00,22.1,1.2,0
수락산,2015-06-19 0:00,20.8,0.6,0
수락산,2015-06-19 1:00,20.8,0.9,0
수락산,2015-06-19 2:00,20.7,0.2,0
수락산,2015-06-19 3:00,21,1.8,0
수락산,2015-06-19 4:00,19.4,0.9,0
수락산,2015-06-19 5:00,18.1,0,0
수락산,2015-06-19 6:00,18.7,0,0
수락산,2015-06-19 7:00,20,0.4,0
수락산,2015-06-19 8:00,21.2,0.4,0
수락산,2015-06-19 9:00,21.9,0.4,0
수락산,2015-06-19 10:00,24.3,1.8,0
수락산,2015-06-19 11:00,24.8,0.7,0
수락산,2015-06-19 12:00,25.3,1.4,0
수락산,2015-06-19 13:00,25.7,1.8,0
수락산,2015-06-19 14:00,27,1.9,0
수락산,2015-06-19 15:00,27.9,2.1,0
수락산,2015-06-19 16:00,27.9,2.2,0
수락산,2015-06-19 17:00,28,2.4,0
수락산,2015-06-19 18:00,26.6,1.9,0
수락산,2015-06-19 19:00,26,1.9,0
수락산,2015-06-19 20:00,24.5,1.7,0
수락산,2015-06-19 21:00,22.6,0,0
수락산,2015-06-19 22:00,22.5,0,0
수락산,2015-06-19 23:00,21.8,0.9,0
수락산,2015-06-20 0:00,21.1,0.1,0
수락산,2015-06-20 1:00,20,0.3,0
수락산,2015-06-20 2:00,19.1,0.5,0
수락산,2015-06-20 3:00,19,0,0
수락산,2015-06-20 4:00,18.6,1,0
수락산,2015-06-20 5:00,18.1,1,0
수락산,2015-06-20 6:00,18.7,0.7,0
수락산,2015-06-20 7:00,20.2,0.9,0
수락산,2015-06-20 8:00,21.4,1.2,0
수락산,2015-06-20 9:00,21.7,1.2,0
수락산,2015-06-20 10:00,21.8,1,0
수락산,2015-06-20 11:00,19.4,0.9,0
수락산,2015-06-20 12:00,18.8,0.7,2.5
수락산,2015-06-20 13:00,18.3,0.7,2
수락산,2015-06-20 14:00,18.1,1,2.5
수락산,2015-06-20 15:00,17.9,1,6
수락산,2015-06-20 16:00,18.2,0.7,1.5
수락산,2015-06-20 17:00,18.2,0.5,1.5
수락산,2015-06-20 18:00,18.1,0.5,0.5
수락산,2015-06-20 19:00,18.2,0.3,0
수락산,2015-06-20 20:00,17.7,0.5,0
수락산,2015-06-20 21:00,16.9,0,0
수락산,2015-06-20 22:00,16.3,0,0
수락산,2015-06-20 23:00,16,0,0
수락산,2015-06-21 0:00,15.4,0.1,0
수락산,2015-06-21 1:00,14.9,0,0
수락산,2015-06-21 2:00,15,0,0
수락산,2015-06-21 3:00,15.3,0.1,0
수락산,2015-06-21 4:00,15.2,0.1,0
수락산,2015-06-21 5:00,15.1,0,0
수락산,2015-06-21 6:00,15,1.2,0
수락산,2015-06-21 7:00,15,0.9,0
수락산,2015-06-21 8:00,16.9,0.8,0
수락산,2015-06-21 9:00,19.5,0.6,0
수락산,2015-06-21 10:00,21.4,1.3,0
수락산,2015-06-21 11:00,23.5,1.2,0
수락산,2015-06-21 12:00,24.7,0.8,0
수락산,2015-06-21 13:00,26.4,1.5,0
수락산,2015-06-21 14:00,26.9,1.1,0
수락산,2015-06-21 15:00,27.7,1.9,0
수락산,2015-06-21 16:00,28.3,1.8,0
수락산,2015-06-21 17:00,27.8,1.1,0
수락산,2015-06-21 18:00,27.7,1.3,0
수락산,2015-06-21 19:00,25.8,1.1,0
수락산,2015-06-21 20:00,24,2.1,0
수락산,2015-06-21 21:00,22.4,0.8,0
수락산,2015-06-21 22:00,21.2,0.1,0
수락산,2015-06-21 23:00,19.8,0.1,0
수락산,2015-06-22 0:00,19.2,0.2,0
수락산,2015-06-22 1:00,18.3,0,0
수락산,2015-06-22 2:00,17.8,0.4,0
수락산,2015-06-22 3:00,17.4,0,0
수락산,2015-06-22 4:00,16.8,0,0
수락산,2015-06-22 5:00,16.4,0,0
수락산,2015-06-22 6:00,17,0.7,0
수락산,2015-06-22 7:00,19.1,0.9,0
수락산,2015-06-22 8:00,21.2,0.5,0
수락산,2015-06-22 9:00,22.5,1.2,0
수락산,2015-06-22 10:00,24.5,0.9,0
수락산,2015-06-22 11:00,26.7,1.2,0
수락산,2015-06-22 12:00,27.4,1.6,0
수락산,2015-06-22 13:00,26.8,1.1,0
수락산,2015-06-22 14:00,28.3,1.9,0
수락산,2015-06-22 15:00,28.4,2.6,0
수락산,2015-06-22 16:00,28,3,0
수락산,2015-06-22 17:00,27.6,2.6,0
수락산,2015-06-22 18:00,26.7,1.8,0
수락산,2015-06-22 19:00,25.4,2.2,0
수락산,2015-06-22 20:00,23.8,1.8,0
수락산,2015-06-22 21:00,22.9,1.2,0
수락산,2015-06-22 22:00,22,0.4,0
수락산,2015-06-22 23:00,21,0.1,0
수락산,2015-06-23 0:00,20.3,0.8,0
수락산,2015-06-23 1:00,20.1,0.7,0
수락산,2015-06-23 2:00,19.4,0,0
수락산,2015-06-23 3:00,18.5,0.4,0
수락산,2015-06-23 4:00,18.1,0,0
수락산,2015-06-23 5:00,17.7,0,0
수락산,2015-06-23 6:00,17.9,0.6,0
수락산,2015-06-23 7:00,19.8,0.5,0
수락산,2015-06-23 8:00,21.1,0.6,0
수락산,2015-06-23 9:00,23.4,0.9,0
수락산,2015-06-23 10:00,24.3,1.3,0
수락산,2015-06-23 11:00,25.4,1.2,0
수락산,2015-06-23 12:00,27.1,1.2,0
수락산,2015-06-23 13:00,28.7,1.3,0
수락산,2015-06-23 14:00,29,1.2,0
수락산,2015-06-23 15:00,29.5,1.6,0
수락산,2015-06-23 16:00,29.7,1.4,0
수락산,2015-06-23 17:00,29.9,2.4,0
수락산,2015-06-23 18:00,28.1,1.9,0
수락산,2015-06-23 19:00,26.3,2.7,0
수락산,2015-06-23 20:00,25.1,1.5,0
수락산,2015-06-23 21:00,24.4,1.1,0
수락산,2015-06-23 22:00,22.7,0,0
수락산,2015-06-23 23:00,21.3,0.1,0
수락산,2015-06-24 0:00,20.7,0.4,0
수락산,2015-06-24 1:00,20.6,0,0
수락산,2015-06-24 2:00,19.9,0,0
수락산,2015-06-24 3:00,20.1,0,0
수락산,2015-06-24 4:00,19.2,0,0
수락산,2015-06-24 5:00,19.2,0,0
수락산,2015-06-24 6:00,19,0,0
수락산,2015-06-24 7:00,21,0,0
수락산,2015-06-24 8:00,23,1,0
수락산,2015-06-24 9:00,24.8,2.2,0
수락산,2015-06-24 10:00,26.3,2.1,0
수락산,2015-06-24 11:00,27.7,2.3,0
수락산,2015-06-24 12:00,27.9,1.3,0
수락산,2015-06-24 13:00,29.1,1.1,0
수락산,2015-06-24 14:00,30.4,1.3,0
수락산,2015-06-24 15:00,28.9,2.1,0
수락산,2015-06-24 16:00,27.4,1.8,0
수락산,2015-06-24 17:00,27.4,2.1,0
수락산,2015-06-24 18:00,27.1,2.3,0
수락산,2015-06-24 19:00,26.5,1.2,0
수락산,2015-06-24 20:00,25.4,1.1,0
수락산,2015-06-24 21:00,25.1,1.1,0
수락산,2015-06-24 22:00,23.5,0,0
수락산,2015-06-24 23:00,22.5,0,0
수락산,2015-06-25 0:00,21.8,0,0
수락산,2015-06-25 1:00,21.2,0,0
수락산,2015-06-25 2:00,21,0.1,0
수락산,2015-06-25 3:00,20.4,0,0
수락산,2015-06-25 4:00,19.4,0,0
수락산,2015-06-25 5:00,19.3,0,0
수락산,2015-06-25 6:00,19.8,0.1,0
수락산,2015-06-25 7:00,20.4,0.6,0
수락산,2015-06-25 8:00,22.3,0.2,0
수락산,2015-06-25 9:00,24.9,1.6,0
수락산,2015-06-25 10:00,25.5,1.7,0
수락산,2015-06-25 11:00,26.3,2.2,0
수락산,2015-06-25 12:00,27.6,1.6,0
수락산,2015-06-25 13:00,27.3,1.5,0
수락산,2015-06-25 14:00,28,2.1,0
수락산,2015-06-25 15:00,28.3,2.4,0
수락산,2015-06-25 16:00,27.6,1.8,0
수락산,2015-06-25 17:00,27.1,1,0
수락산,2015-06-25 18:00,26.4,1.1,0
수락산,2015-06-25 19:00,25.5,1,0
수락산,2015-06-25 20:00,23,0.3,0
수락산,2015-06-25 21:00,21.9,0.9,0.5
수락산,2015-06-25 22:00,21.3,0.5,0.5
수락산,2015-06-25 23:00,19.6,0.4,0.5
수락산,2015-06-26 0:00,19.5,0,0.5
수락산,2015-06-26 1:00,20.2,1,0
수락산,2015-06-26 2:00,20.2,1.1,1
수락산,2015-06-26 3:00,18.2,1.9,2.5
수락산,2015-06-26 4:00,18,1.1,3
수락산,2015-06-26 5:00,17.6,1.1,4.5
수락산,2015-06-26 6:00,17.9,1.6,3
수락산,2015-06-26 7:00,18.1,0.1,1.5
수락산,2015-06-26 8:00,17.9,1.1,2.5
수락산,2015-06-26 9:00,18.1,2.4,0.5
수락산,2015-06-26 10:00,18.5,1.4,0
수락산,2015-06-26 11:00,19.5,1.1,0
수락산,2015-06-26 12:00,18.9,2.2,0
수락산,2015-06-26 13:00,20.9,2.1,0
수락산,2015-06-26 14:00,23.2,2.4,0
수락산,2015-06-26 15:00,23.5,2.9,0
수락산,2015-06-26 16:00,25,3,0
수락산,2015-06-26 17:00,23.6,1.6,0
수락산,2015-06-26 18:00,22.3,1.9,0
수락산,2015-06-26 19:00,21.8,0.6,0
수락산,2015-06-26 20:00,21.5,1,0
수락산,2015-06-26 21:00,21.4,0.7,0
수락산,2015-06-26 22:00,21.3,1,0
수락산,2015-06-26 23:00,20.7,0.2,0
수락산,2015-06-27 0:00,20.4,0.6,0
수락산,2015-06-27 1:00,19.8,0,0
수락산,2015-06-27 2:00,19.4,0,0
수락산,2015-06-27 3:00,19.2,0,0
수락산,2015-06-27 4:00,19.6,0.7,0
수락산,2015-06-27 5:00,18.9,0.5,0
수락산,2015-06-27 6:00,18.8,0,0
수락산,2015-06-27 7:00,20.6,0.8,0
수락산,2015-06-27 8:00,22.2,1.8,0
수락산,2015-06-27 9:00,23.9,0.9,0
수락산,2015-06-27 10:00,23.5,1.5,0
수락산,2015-06-27 11:00,24.8,1.5,0
수락산,2015-06-27 12:00,25.7,2.5,0
수락산,2015-06-27 13:00,26.9,2.1,0
수락산,2015-06-27 14:00,27,1.5,0
수락산,2015-06-27 15:00,27,2.2,0
수락산,2015-06-27 16:00,28.3,1.1,0
수락산,2015-06-27 17:00,27.6,1,0
수락산,2015-06-27 18:00,25.5,0.1,0
수락산,2015-06-27 19:00,26.3,0.6,0
수락산,2015-06-27 20:00,23.9,0,0
수락산,2015-06-27 21:00,22.6,0.1,0
수락산,2015-06-27 22:00,21.5,0.4,0
수락산,2015-06-27 23:00,20.4,0,0
수락산,2015-06-28 0:00,19.8,0,0
수락산,2015-06-28 1:00,19.3,0.1,0
수락산,2015-06-28 2:00,18.5,0.1,0
수락산,2015-06-28 3:00,18.2,0,0
수락산,2015-06-28 4:00,17.9,0.1,0
수락산,2015-06-28 5:00,18,0.2,0
수락산,2015-06-28 6:00,17.9,1.3,0
수락산,2015-06-28 7:00,20.5,0.9,0
수락산,2015-06-28 8:00,22.4,0.6,0
수락산,2015-06-28 9:00,23.8,0.5,0
수락산,2015-06-28 10:00,26.5,1.2,0
수락산,2015-06-28 11:00,27.9,1.6,0
수락산,2015-06-28 12:00,29.3,2,0
수락산,2015-06-28 13:00,29.9,1.4,0
수락산,2015-06-28 14:00,30,2.6,0
수락산,2015-06-28 15:00,30.8,1.8,0
수락산,2015-06-28 16:00,29.6,2.9,0
수락산,2015-06-28 17:00,29.1,3.1,0
수락산,2015-06-28 18:00,27.8,3,0
수락산,2015-06-28 19:00,26.4,1.4,0
수락산,2015-06-28 20:00,25,3,0
수락산,2015-06-28 21:00,23.6,0.8,0
수락산,2015-06-28 22:00,22.6,0.4,0
수락산,2015-06-28 23:00,21.8,0,0
수락산,2015-06-29 0:00,21,0,0
수락산,2015-06-29 1:00,20.5,0.2,0
수락산,2015-06-29 2:00,19.8,0,0
수락산,2015-06-29 3:00,19.8,0.7,0
수락산,2015-06-29 4:00,19.2,0,0
수락산,2015-06-29 5:00,18.9,1.1,0
수락산,2015-06-29 6:00,19.1,0,0
수락산,2015-06-29 7:00,21.4,0,0
수락산,2015-06-29 8:00,23.4,0.8,0
수락산,2015-06-29 9:00,25,1,0
수락산,2015-06-29 10:00,26.4,1.1,0
수락산,2015-06-29 11:00,28.3,2.8,0
수락산,2015-06-29 12:00,28.4,1.8,0
수락산,2015-06-29 13:00,29,3,0
수락산,2015-06-29 14:00,30,1.7,0
수락산,2015-06-29 15:00,29.1,1.9,0
수락산,2015-06-29 16:00,28.5,2.5,0
수락산,2015-06-29 17:00,28.5,2.6,0
수락산,2015-06-29 18:00,26.7,1.8,0
수락산,2015-06-29 19:00,25.9,1,0
수락산,2015-06-29 20:00,24.9,1.8,0
수락산,2015-06-29 21:00,24,1.2,0
수락산,2015-06-29 22:00,24,1.8,0
수락산,2015-06-29 23:00,23.4,0.9,0
수락산,2015-06-30 0:00,21.4,0.2,0
수락산,2015-06-30 1:00,20.5,0.8,0
수락산,2015-06-30 2:00,20.4,0.5,0
수락산,2015-06-30 3:00,20.5,0,0
수락산,2015-06-30 4:00,20.3,0.1,0
수락산,2015-06-30 5:00,20.1,0,0
수락산,2015-06-30 6:00,20,0,0
수락산,2015-06-30 7:00,21,0.7,0
수락산,2015-06-30 8:00,22.3,0.4,0
수락산,2015-06-30 9:00,23.2,0.6,0
수락산,2015-06-30 10:00,24.5,0.9,0
수락산,2015-06-30 11:00,25.5,1.3,0
수락산,2015-06-30 12:00,27.2,1.2,0
수락산,2015-06-30 13:00,27.6,0.8,0
수락산,2015-06-30 14:00,27.8,1.4,0
수락산,2015-06-30 15:00,25.9,0.1,0
수락산,2015-06-30 16:00,25.4,1.9,0
수락산,2015-06-30 17:00,25.1,1.9,0
수락산,2015-06-30 18:00,25.3,1.3,0
수락산,2015-06-30 19:00,23.7,2.5,0
수락산,2015-06-30 20:00,21.2,2.2,0
수락산,2015-06-30 21:00,20.7,0.8,0
수락산,2015-06-30 22:00,20.6,,0
수락산,2015-06-30 23:00,20.8,1.3,0
수락산,2015-07-01 0:00,20.1,0.6,0
수락산,2015-07-01 1:00,20.2,0.9,0
수락산,2015-07-01 2:00,20.2,1,0
수락산,2015-07-01 3:00,19.7,0.3,0
수락산,2015-07-01 4:00,19.7,0,0
수락산,2015-07-01 5:00,19.6,0,0
수락산,2015-07-01 6:00,19.7,0,0
수락산,2015-07-01 7:00,20.7,0.6,0
수락산,2015-07-01 8:00,21.6,1.2,0
수락산,2015-07-01 9:00,22.7,2.3,0
수락산,2015-07-01 10:00,23.8,2.8,0
수락산,2015-07-01 11:00,25.5,2.1,0
수락산,2015-07-01 12:00,26.3,2.7,0
수락산,2015-07-01 13:00,27.4,2.8,0
수락산,2015-07-01 14:00,26.5,2.8,0
수락산,2015-07-01 15:00,26.9,3,0
수락산,2015-07-01 16:00,26.3,2.8,0
수락산,2015-07-01 17:00,25.6,2.4,0
수락산,2015-07-01 18:00,24.4,2.5,0
수락산,2015-07-01 19:00,22.8,2.5,0
수락산,2015-07-01 20:00,21.8,2,0
수락산,2015-07-01 21:00,21.2,1.9,0
수락산,2015-07-01 22:00,20.9,1.4,0
수락산,2015-07-01 23:00,20.6,1,0
수락산,2015-07-02 0:00,20.3,0.3,0
수락산,2015-07-02 1:00,19.3,1.2,0
수락산,2015-07-02 2:00,18.6,0.3,0
수락산,2015-07-02 3:00,18.4,0,0
수락산,2015-07-02 4:00,17.7,0.5,0
수락산,2015-07-02 5:00,17.1,0.7,0
수락산,2015-07-02 6:00,18.6,1.1,0
수락산,2015-07-02 7:00,20,0.9,0
수락산,2015-07-02 8:00,21.6,0.6,0
수락산,2015-07-02 9:00,23.1,1.2,0
수락산,2015-07-02 10:00,24.1,1.6,0
수락산,2015-07-02 11:00,25.2,1.4,0
수락산,2015-07-02 12:00,26,2.4,0
수락산,2015-07-02 13:00,28.2,2.2,0
수락산,2015-07-02 14:00,27.6,2.4,0
수락산,2015-07-02 15:00,27.7,3.3,0
수락산,2015-07-02 16:00,28.2,2.6,0
수락산,2015-07-02 17:00,26.9,2.3,0
수락산,2015-07-02 18:00,26.2,2,0
수락산,2015-07-02 19:00,25,2.3,0
수락산,2015-07-02 20:00,22.9,1.4,0
수락산,2015-07-02 21:00,21.6,1.8,0
수락산,2015-07-02 22:00,21,1.2,0
수락산,2015-07-02 23:00,20.6,1.2,0
수락산,2015-07-03 0:00,18.8,0,0
수락산,2015-07-03 1:00,18,0.7,0
수락산,2015-07-03 2:00,17.5,0,0
수락산,2015-07-03 3:00,16.6,0.4,0
수락산,2015-07-03 4:00,16.6,0.1,0
수락산,2015-07-03 5:00,16.1,0.1,0
수락산,2015-07-03 6:00,16.5,0.2,0
수락산,2015-07-03 7:00,18.4,0.7,0
수락산,2015-07-03 8:00,20.5,1.2,0
수락산,2015-07-03 9:00,22.2,0.8,0
수락산,2015-07-03 10:00,24.4,1.5,0
수락산,2015-07-03 11:00,25.1,1,0
수락산,2015-07-03 12:00,26.1,2.4,0
수락산,2015-07-03 13:00,27,2.9,0
수락산,2015-07-03 14:00,25.7,2,0
수락산,2015-07-03 15:00,24.8,2.5,0
수락산,2015-07-03 16:00,23.8,2.2,0
수락산,2015-07-03 17:00,25.8,1.7,0
수락산,2015-07-03 18:00,24.9,1.5,0
수락산,2015-07-03 19:00,23.7,1.4,0
수락산,2015-07-03 20:00,21.9,0.7,0
수락산,2015-07-03 21:00,20.5,0.7,0
수락산,2015-07-03 22:00,19.4,0,0
수락산,2015-07-03 23:00,19.2,1.2,0
수락산,2015-07-04 0:00,18.6,0.8,0
수락산,2015-07-04 1:00,18,1.2,0
수락산,2015-07-04 2:00,17,1.1,0
수락산,2015-07-04 3:00,15.9,0.6,0
수락산,2015-07-04 4:00,15.6,1.2,0
수락산,2015-07-04 5:00,15.6,1.2,0
수락산,2015-07-04 6:00,15.8,1,0
수락산,2015-07-04 7:00,17.8,0.7,0
수락산,2015-07-04 8:00,20.6,1,0
수락산,2015-07-04 9:00,22,1.9,0
수락산,2015-07-04 10:00,23.7,2.1,0
수락산,2015-07-04 11:00,25.6,1.4,0
수락산,2015-07-04 12:00,26.9,1.6,0
수락산,2015-07-04 13:00,26,1.4,0
수락산,2015-07-04 14:00,27.3,0.9,0
수락산,2015-07-04 15:00,27.3,2.1,0
수락산,2015-07-04 16:00,28,2,0
수락산,2015-07-04 17:00,26.8,1.1,0
수락산,2015-07-04 18:00,27,0.3,0
수락산,2015-07-04 19:00,25.6,1.5,0
수락산,2015-07-04 20:00,24.1,1.2,0
수락산,2015-07-04 21:00,23.9,1.1,0
수락산,2015-07-04 22:00,22.8,0,0
수락산,2015-07-04 23:00,22.4,0.3,0
수락산,2015-07-05 0:00,21.9,1.3,0
수락산,2015-07-05 1:00,20.5,0.6,0
수락산,2015-07-05 2:00,20,0,0
수락산,2015-07-05 3:00,19.3,0,0
수락산,2015-07-05 4:00,18.5,0.3,0
수락산,2015-07-05 5:00,18.7,0.1,0
수락산,2015-07-05 6:00,18.3,0,0
수락산,2015-07-05 7:00,19.5,1,0
수락산,2015-07-05 8:00,20.9,1.2,0
수락산,2015-07-05 9:00,22.2,1.1,0
수락산,2015-07-05 10:00,24,1,0
수락산,2015-07-05 11:00,26.3,1,0
수락산,2015-07-05 12:00,26.6,1.3,0
수락산,2015-07-05 13:00,26.5,2,0
수락산,2015-07-05 14:00,28.2,0.8,0
수락산,2015-07-05 15:00,27.2,1.8,0
수락산,2015-07-05 16:00,22.3,1.3,0
수락산,2015-07-05 17:00,23,0.8,0
수락산,2015-07-05 18:00,24.3,2.2,0
수락산,2015-07-05 19:00,23.1,1.8,0
수락산,2015-07-05 20:00,21.4,1.3,0
수락산,2015-07-05 21:00,20.9,0.2,0
수락산,2015-07-05 22:00,20.7,0,0
수락산,2015-07-05 23:00,19.4,0.9,0
수락산,2015-07-06 0:00,18.7,1.4,0
수락산,2015-07-06 1:00,17.7,0,0
수락산,2015-07-06 2:00,17,0,0
수락산,2015-07-06 3:00,16.9,0.5,0
수락산,2015-07-06 4:00,16.4,0.6,0
수락산,2015-07-06 5:00,16.3,0,0
수락산,2015-07-06 6:00,16.6,0,0
수락산,2015-07-06 7:00,18.6,0.4,0
수락산,2015-07-06 8:00,21.1,0.6,0
수락산,2015-07-06 9:00,23.3,0.7,0
수락산,2015-07-06 10:00,24.7,1.1,0
수락산,2015-07-06 11:00,26.2,1.3,0
수락산,2015-07-06 12:00,27.8,1.5,0
수락산,2015-07-06 13:00,29.6,2,0
수락산,2015-07-06 14:00,29.5,0.7,0
수락산,2015-07-06 15:00,30.6,1.2,0
수락산,2015-07-06 16:00,29.9,2,0
수락산,2015-07-06 17:00,30.4,1.4,0
수락산,2015-07-06 18:00,29.2,1.2,0
수락산,2015-07-06 19:00,26.6,1.5,0
수락산,2015-07-06 20:00,25.2,1.8,0
수락산,2015-07-06 21:00,24.3,0.8,0
수락산,2015-07-06 22:00,22.5,0,0
수락산,2015-07-06 23:00,21.2,0,0
수락산,2015-07-07 0:00,21.4,0.6,0
수락산,2015-07-07 1:00,20.1,0.8,0
수락산,2015-07-07 2:00,19.4,0.3,0
수락산,2015-07-07 3:00,19.2,0,0
수락산,2015-07-07 4:00,18.8,0,0
수락산,2015-07-07 5:00,18.2,0.1,0
수락산,2015-07-07 6:00,18.7,0,0
수락산,2015-07-07 7:00,19.6,0,0
수락산,2015-07-07 8:00,21.9,0.1,0
수락산,2015-07-07 9:00,23.2,0.5,0
수락산,2015-07-07 10:00,24.1,0.8,0
수락산,2015-07-07 11:00,25.9,1.3,0
수락산,2015-07-07 12:00,27,2.2,0
수락산,2015-07-07 13:00,27.9,2,0
수락산,2015-07-07 14:00,28,2.1,0
수락산,2015-07-07 15:00,28.7,3.3,0
수락산,2015-07-07 16:00,27.9,3.1,0
수락산,2015-07-07 17:00,27.7,1.9,0
수락산,2015-07-07 18:00,27.2,1.6,0
수락산,2015-07-07 19:00,26.4,1,0
수락산,2015-07-07 20:00,25,0.4,0
수락산,2015-07-07 21:00,24.6,0.3,0
수락산,2015-07-07 22:00,24.2,0.7,0
수락산,2015-07-07 23:00,24,0.5,0
수락산,2015-07-08 0:00,22.9,0.5,0
수락산,2015-07-08 1:00,22,0.4,0
수락산,2015-07-08 2:00,22,0.5,0
수락산,2015-07-08 3:00,22.3,0.3,0
수락산,2015-07-08 4:00,22.1,1.6,0
수락산,2015-07-08 5:00,20.8,0.5,0
수락산,2015-07-08 6:00,20.8,1,0
수락산,2015-07-08 7:00,20.8,0.7,0
수락산,2015-07-08 8:00,21.5,0.8,0
수락산,2015-07-08 9:00,22.5,1.1,0
수락산,2015-07-08 10:00,19.9,2,0.5
수락산,2015-07-08 11:00,20,1.9,7.5
수락산,2015-07-08 12:00,21.4,1.1,0
수락산,2015-07-08 13:00,22.5,1.8,0
수락산,2015-07-08 14:00,23.6,3.2,0
수락산,2015-07-08 15:00,24,2.5,0
수락산,2015-07-08 16:00,24.9,2.3,0
수락산,2015-07-08 17:00,24.3,3.2,0
수락산,2015-07-08 18:00,23.8,2.3,0
수락산,2015-07-08 19:00,23.6,1.6,0
수락산,2015-07-08 20:00,23.3,0.8,0
수락산,2015-07-08 21:00,23.1,0.8,0
수락산,2015-07-08 22:00,22.6,0.9,0
수락산,2015-07-08 23:00,22.3,0.9,0
수락산,2015-07-09 0:00,21.1,0.3,0
수락산,2015-07-09 1:00,20.1,0,0
수락산,2015-07-09 2:00,20,0,0
수락산,2015-07-09 3:00,20.6,0.8,0
수락산,2015-07-09 4:00,19.8,0,0
수락산,2015-07-09 5:00,19.7,0.2,0
수락산,2015-07-09 6:00,20,0.5,0
수락산,2015-07-09 7:00,21.2,1,0
수락산,2015-07-09 8:00,23.7,1.3,0
수락산,2015-07-09 9:00,25,1.1,0
수락산,2015-07-09 10:00,26.4,2.5,0
수락산,2015-07-09 11:00,26.8,2.3,0
수락산,2015-07-09 12:00,27.2,2.4,0
수락산,2015-07-09 13:00,28.8,2.6,0
수락산,2015-07-09 14:00,29.2,2,0
수락산,2015-07-09 15:00,29.6,1.6,0
수락산,2015-07-09 16:00,29.1,1.6,0
수락산,2015-07-09 17:00,28.7,1.4,0
수락산,2015-07-09 18:00,28.5,0.8,0
수락산,2015-07-09 19:00,27.9,1.4,0
수락산,2015-07-09 20:00,26,0.7,0
수락산,2015-07-09 21:00,25.1,0.3,0
수락산,2015-07-09 22:00,24.3,0.5,0
수락산,2015-07-09 23:00,24,1,0
수락산,2015-07-10 0:00,23.2,0,0
수락산,2015-07-10 1:00,22.4,0.8,0
수락산,2015-07-10 2:00,21.8,0.7,0
수락산,2015-07-10 3:00,21.1,0.6,0
수락산,2015-07-10 4:00,21.1,0,0
수락산,2015-07-10 5:00,20.5,0.3,0
수락산,2015-07-10 6:00,20.9,0,0
수락산,2015-07-10 7:00,23.8,0.2,0
수락산,2015-07-10 8:00,25.4,0.8,0
수락산,2015-07-10 9:00,26.7,0.8,0
수락산,2015-07-10 10:00,27.4,1.6,0
수락산,2015-07-10 11:00,29.5,1.4,0
수락산,2015-07-10 12:00,30.4,0.9,0
수락산,2015-07-10 13:00,30.8,1.1,0
수락산,2015-07-10 14:00,30.9,0.7,0
수락산,2015-07-10 15:00,31.3,0.6,0
수락산,2015-07-10 16:00,31.4,0.8,0
수락산,2015-07-10 17:00,31.3,1.1,0
수락산,2015-07-10 18:00,31,1.1,0
수락산,2015-07-10 19:00,29.6,0.7,0
수락산,2015-07-10 20:00,28,0,0
수락산,2015-07-10 21:00,26.5,0,0
수락산,2015-07-10 22:00,25.3,0.6,0
수락산,2015-07-10 23:00,24.6,0,0
수락산,2015-07-11 0:00,24.2,0,0
수락산,2015-07-11 1:00,23.5,0,0
수락산,2015-07-11 2:00,23.3,0,0
수락산,2015-07-11 3:00,22.9,0,0
수락산,2015-07-11 4:00,22.4,0,0
수락산,2015-07-11 5:00,21.9,0,0
수락산,2015-07-11 6:00,22.2,0,0
수락산,2015-07-11 7:00,25.5,0,0
수락산,2015-07-11 8:00,27.4,1.3,0
수락산,2015-07-11 9:00,28.9,2.1,0
수락산,2015-07-11 10:00,29.6,1.8,0
수락산,2015-07-11 11:00,31.5,2.2,0
수락산,2015-07-11 12:00,32.8,1.5,0
수락산,2015-07-11 13:00,34.1,1.6,0
수락산,2015-07-11 14:00,34.9,2,0
수락산,2015-07-11 15:00,34.3,1.4,0
수락산,2015-07-11 16:00,34,1.4,0
수락산,2015-07-11 17:00,33.1,2,0
수락산,2015-07-11 18:00,32,1.7,0
수락산,2015-07-11 19:00,24.9,1.8,4.5
수락산,2015-07-11 20:00,25,0,0
수락산,2015-07-11 21:00,25.1,0,0
수락산,2015-07-11 22:00,24.9,0.4,0
수락산,2015-07-11 23:00,25.1,0.5,0
수락산,2015-07-12 0:00,25.5,0.8,0
수락산,2015-07-12 1:00,25,0.9,0
수락산,2015-07-12 2:00,24.1,1.6,1
수락산,2015-07-12 3:00,23.3,0.7,0.5
수락산,2015-07-12 4:00,23.2,1.2,3.5
수락산,2015-07-12 5:00,22.9,0,0.5
수락산,2015-07-12 6:00,23,1.1,2
수락산,2015-07-12 7:00,23.3,0.1,2.5
수락산,2015-07-12 8:00,24.2,1,0
수락산,2015-07-12 9:00,25.2,0.8,0.5
수락산,2015-07-12 10:00,25.2,0.9,0
수락산,2015-07-12 11:00,24.8,1.7,1.5
수락산,2015-07-12 12:00,24,1.8,4.5
수락산,2015-07-12 13:00,25.1,1,2
수락산,2015-07-12 14:00,25,1.9,2
수락산,2015-07-12 15:00,25.2,1.8,2
수락산,2015-07-12 16:00,25.3,2.5,1
수락산,2015-07-12 17:00,24.7,2.3,2.5
수락산,2015-07-12 18:00,24.2,1.4,3
수락산,2015-07-12 19:00,23.9,1.3,5
수락산,2015-07-12 20:00,23.5,1.6,5.5
수락산,2015-07-12 21:00,23.7,2.1,2.5
수락산,2015-07-12 22:00,23.9,2.3,0.5
수락산,2015-07-12 23:00,23.8,2.7,0.5
수락산,2015-07-13 0:00,23.7,2.6,2
수락산,2015-07-13 1:00,23.7,3.2,3
수락산,2015-07-13 2:00,23.6,4,2
수락산,2015-07-13 3:00,23.4,4.5,3.5
수락산,2015-07-13 4:00,23.2,3.1,2
수락산,2015-07-13 5:00,22.9,3.1,2.5
수락산,2015-07-13 6:00,22.6,5.6,3.5
수락산,2015-07-13 7:00,22.5,4.7,2.5
수락산,2015-07-13 8:00,22.6,2.3,2.5
수락산,2015-07-13 9:00,22.9,2.6,1.5
수락산,2015-07-13 10:00,23,2.5,0.5
수락산,2015-07-13 11:00,22.9,2.2,1.5
수락산,2015-07-13 12:00,23.2,3.3,0
수락산,2015-07-13 13:00,21.3,1.8,0
수락산,2015-07-13 14:00,21.9,3,0.5
수락산,2015-07-13 15:00,21.9,2.6,0
수락산,2015-07-13 16:00,22.7,3.3,0
수락산,2015-07-13 17:00,23.3,3,1
수락산,2015-07-13 18:00,24.1,2.9,0
수락산,2015-07-13 19:00,24.3,2.3,0
수락산,2015-07-13 20:00,24,0.9,0
수락산,2015-07-13 21:00,23.8,0.8,0
수락산,2015-07-13 22:00,23.3,1.2,0
수락산,2015-07-13 23:00,22.5,1.7,0
수락산,2015-07-14 0:00,22.5,1.1,0
수락산,2015-07-14 1:00,22.2,0.6,0
수락산,2015-07-14 2:00,22,0.4,0
수락산,2015-07-14 3:00,21.6,0.1,0
수락산,2015-07-14 4:00,21.6,0.4,0
수락산,2015-07-14 5:00,21.6,0.7,0
수락산,2015-07-14 6:00,21.4,0,0
수락산,2015-07-14 7:00,22.6,0.1,0
수락산,2015-07-14 8:00,23.6,0.1,0
수락산,2015-07-14 9:00,24.8,0.9,0
수락산,2015-07-14 10:00,26.1,1,0
수락산,2015-07-14 11:00,27.1,1.5,0
수락산,2015-07-14 12:00,28.9,1.5,0
수락산,2015-07-14 13:00,29.2,2.7,0
수락산,2015-07-14 14:00,30,2.7,0
수락산,2015-07-14 15:00,30.3,2,0
수락산,2015-07-14 16:00,30.4,2.2,0
수락산,2015-07-14 17:00,29.8,1.7,0
수락산,2015-07-14 18:00,28.7,2,0
수락산,2015-07-14 19:00,27.6,1.6,0
수락산,2015-07-14 20:00,25.2,0.9,0
수락산,2015-07-14 21:00,24.2,0.8,0
수락산,2015-07-14 22:00,23,0.4,0
수락산,2015-07-14 23:00,22.7,0.5,0
수락산,2015-07-15 0:00,21.9,0,0
수락산,2015-07-15 1:00,21.2,0.2,0
수락산,2015-07-15 2:00,20.9,0.3,0
수락산,2015-07-15 3:00,20.5,0.4,0
수락산,2015-07-15 4:00,20.5,0,0
수락산,2015-07-15 5:00,20.4,0.3,0
수락산,2015-07-15 6:00,20.4,0.1,0
수락산,2015-07-15 7:00,21.3,0,0
수락산,2015-07-15 8:00,22.6,0.4,0
수락산,2015-07-15 9:00,25.4,0.9,0
수락산,2015-07-15 10:00,27.9,1.3,0
수락산,2015-07-15 11:00,29.2,1.2,0
수락산,2015-07-15 12:00,30.7,1.9,0
수락산,2015-07-15 13:00,31.6,2.8,0
수락산,2015-07-15 14:00,32.8,2,0
수락산,2015-07-15 15:00,33.2,1,0
수락산,2015-07-15 16:00,32.3,1.6,0
수락산,2015-07-15 17:00,31.6,2.4,0
수락산,2015-07-15 18:00,31.1,2.9,0
수락산,2015-07-15 19:00,29.3,2.2,0
수락산,2015-07-15 20:00,27.7,2.4,0
수락산,2015-07-15 21:00,26.4,3.4,0
수락산,2015-07-15 22:00,25.5,2.8,0
수락산,2015-07-15 23:00,24.5,3.7,0
수락산,2015-07-16 0:00,24,3.1,0
수락산,2015-07-16 1:00,23.6,1.5,0
수락산,2015-07-16 2:00,22.2,1.7,0
수락산,2015-07-16 3:00,20.4,2.1,0
수락산,2015-07-16 4:00,19.9,2.1,0
수락산,2015-07-16 5:00,19.7,1.2,0
수락산,2015-07-16 6:00,19.9,1,0
수락산,2015-07-16 7:00,20.6,1.2,0
수락산,2015-07-16 8:00,22.9,2.5,0
수락산,2015-07-16 9:00,24.4,1.9,0
수락산,2015-07-16 10:00,25.5,1.5,0
수락산,2015-07-16 11:00,26,2.6,0
수락산,2015-07-16 12:00,25.5,2.8,0
수락산,2015-07-16 13:00,25.1,2.4,0
수락산,2015-07-16 14:00,26.9,2.8,0
수락산,2015-07-16 15:00,27.8,3,0
수락산,2015-07-16 16:00,27.8,3.3,0
수락산,2015-07-16 17:00,27.1,2.8,0
수락산,2015-07-16 18:00,26.4,2.6,0
수락산,2015-07-16 19:00,24.7,2.7,0
수락산,2015-07-16 20:00,22.7,2.8,0
수락산,2015-07-16 21:00,21.6,2.4,0
수락산,2015-07-16 22:00,20.9,1.5,0
수락산,2015-07-16 23:00,20.2,1.8,0
수락산,2015-07-17 0:00,18.7,0.3,0
수락산,2015-07-17 1:00,18.6,1.4,0
수락산,2015-07-17 2:00,18.2,1.5,0
수락산,2015-07-17 3:00,17.6,0.7,0
수락산,2015-07-17 4:00,17.5,0.7,0
수락산,2015-07-17 5:00,17.5,0.9,0
수락산,2015-07-17 6:00,17.4,1.2,0
수락산,2015-07-17 7:00,18.7,1.5,0
수락산,2015-07-17 8:00,20,2.1,0
수락산,2015-07-17 9:00,21.9,2.2,0
수락산,2015-07-17 10:00,23.5,2.6,0
수락산,2015-07-17 11:00,24.7,2.2,0
수락산,2015-07-17 12:00,25.2,2.4,0
수락산,2015-07-17 13:00,26.2,2.3,0
수락산,2015-07-17 14:00,27.1,2.4,0
수락산,2015-07-17 15:00,27.2,2.3,0
수락산,2015-07-17 16:00,26.8,1.9,0
수락산,2015-07-17 17:00,26.1,2,0
수락산,2015-07-17 18:00,24.9,2.8,0
수락산,2015-07-17 19:00,24.1,1.9,0
수락산,2015-07-17 20:00,23.3,1.2,0
수락산,2015-07-17 21:00,22.9,0.9,0
수락산,2015-07-17 22:00,22.2,1.1,0
수락산,2015-07-17 23:00,22.3,0.9,0
수락산,2015-07-18 0:00,22.1,0.9,0
수락산,2015-07-18 1:00,21.2,0.2,0
수락산,2015-07-18 2:00,21.5,0.6,0
수락산,2015-07-18 3:00,21,0,0
수락산,2015-07-18 4:00,20.8,0.6,0
수락산,2015-07-18 5:00,20.7,0.3,0
수락산,2015-07-18 6:00,20.8,0.7,0
수락산,2015-07-18 7:00,20.9,0.8,0
수락산,2015-07-18 8:00,22,0.2,0
수락산,2015-07-18 9:00,23.3,1.7,0
수락산,2015-07-18 10:00,23.7,1.2,0
수락산,2015-07-18 11:00,26.1,0.7,0
수락산,2015-07-18 12:00,25.7,1.7,0
수락산,2015-07-18 13:00,26.1,1.6,0
수락산,2015-07-18 14:00,25.4,0.4,0
수락산,2015-07-18 15:00,25.8,1,0
수락산,2015-07-18 16:00,26.3,0.3,0
수락산,2015-07-18 17:00,25.3,0.6,0
수락산,2015-07-18 18:00,24.3,1.2,0
수락산,2015-07-18 19:00,22.6,0.9,0
수락산,2015-07-18 20:00,22.4,0.7,0
수락산,2015-07-18 21:00,22.2,1,0
수락산,2015-07-18 22:00,21.8,0,0
수락산,2015-07-18 23:00,21.8,0.4,0
수락산,2015-07-19 0:00,21.8,0.2,0
수락산,2015-07-19 1:00,21.3,0.2,0
수락산,2015-07-19 2:00,20.9,0.5,0.5
수락산,2015-07-19 3:00,20.6,0.3,3
수락산,2015-07-19 4:00,20.5,0.2,0
수락산,2015-07-19 5:00,20.3,0.1,3
수락산,2015-07-19 6:00,20.3,1,6
수락산,2015-07-19 7:00,19.8,0.5,0.5
수락산,2015-07-19 8:00,20.5,0.5,0.5
수락산,2015-07-19 9:00,21.2,0.2,0
수락산,2015-07-19 10:00,22.3,0.7,0
수락산,2015-07-19 11:00,23,0.2,0
수락산,2015-07-19 12:00,24.2,1.1,0
수락산,2015-07-19 13:00,25.5,0,0
수락산,2015-07-19 14:00,26.5,0.8,0
수락산,2015-07-19 15:00,27.1,1.1,0
수락산,2015-07-19 16:00,27.7,0.8,0
수락산,2015-07-19 17:00,27.3,0.8,0
수락산,2015-07-19 18:00,27,0.7,0
수락산,2015-07-19 19:00,25.9,0.2,0
수락산,2015-07-19 20:00,24.5,0,0
수락산,2015-07-19 21:00,23.4,0,0
수락산,2015-07-19 22:00,23.1,0,0
수락산,2015-07-19 23:00,22.9,0.5,0
수락산,2015-07-20 0:00,22.5,0,0
수락산,2015-07-20 1:00,22.1,0,0
수락산,2015-07-20 2:00,22,0,0
수락산,2015-07-20 3:00,22.1,0,0
수락산,2015-07-20 4:00,22.2,0,0
수락산,2015-07-20 5:00,21.9,0,0
수락산,2015-07-20 6:00,21.7,0,0
수락산,2015-07-20 7:00,23.9,0,0
수락산,2015-07-20 8:00,25.1,0.1,0
수락산,2015-07-20 9:00,26.8,0.4,0
수락산,2015-07-20 10:00,27.8,0.7,0
수락산,2015-07-20 11:00,28.3,1,0
수락산,2015-07-20 12:00,29.1,1.2,0
수락산,2015-07-20 13:00,29.3,1.4,0
수락산,2015-07-20 14:00,29.4,1.9,0
수락산,2015-07-20 15:00,28.2,1.2,0
수락산,2015-07-20 16:00,24.7,1.6,0.5
수락산,2015-07-20 17:00,25.3,0.5,0.5
수락산,2015-07-20 18:00,25.1,0,0
수락산,2015-07-20 19:00,24.9,0,0
수락산,2015-07-20 20:00,24.4,0,0
수락산,2015-07-20 21:00,24.7,0,0
수락산,2015-07-20 22:00,24.9,0.9,0
수락산,2015-07-20 23:00,24.6,0.8,0
수락산,2015-07-21 0:00,24.5,1,0
수락산,2015-07-21 1:00,24.4,0.6,0
수락산,2015-07-21 2:00,24,0,0
수락산,2015-07-21 3:00,24.1,0.3,0
수락산,2015-07-21 4:00,23.9,0.9,0
수락산,2015-07-21 5:00,24,0.4,0
수락산,2015-07-21 6:00,23.6,0.7,0.5
수락산,2015-07-21 7:00,22.1,0.9,0
수락산,2015-07-21 8:00,22.3,0.2,1
수락산,2015-07-21 9:00,23.6,0.2,0
수락산,2015-07-21 10:00,24.8,0.1,0
수락산,2015-07-21 11:00,26.1,1,0
수락산,2015-07-21 12:00,26.3,0.8,0
수락산,2015-07-21 13:00,26.3,0.3,0
수락산,2015-07-21 14:00,26.6,1,0
수락산,2015-07-21 15:00,25.8,0.3,1
수락산,2015-07-21 16:00,26.7,0.5,3
수락산,2015-07-21 17:00,26.6,0,0
수락산,2015-07-21 18:00,27.1,0.8,0
수락산,2015-07-21 19:00,25.7,0,0
수락산,2015-07-21 20:00,25.5,0,0
수락산,2015-07-21 21:00,25.1,0.1,0
수락산,2015-07-21 22:00,24.8,0,0
수락산,2015-07-21 23:00,24.2,0,0
수락산,2015-07-22 0:00,24.1,0,0
수락산,2015-07-22 1:00,23.9,0,0
수락산,2015-07-22 2:00,23.8,0,0
수락산,2015-07-22 3:00,23.7,0,0
수락산,2015-07-22 4:00,23.6,0,0
수락산,2015-07-22 5:00,23.4,0.9,0
수락산,2015-07-22 6:00,23.4,0.6,0
수락산,2015-07-22 7:00,24.2,0.4,0
수락산,2015-07-22 8:00,25.9,0,0
수락산,2015-07-22 9:00,26.8,1.2,0
수락산,2015-07-22 10:00,29.1,1.4,0
수락산,2015-07-22 11:00,28.3,1.1,0
수락산,2015-07-22 12:00,29.5,0.5,0
수락산,2015-07-22 13:00,29.9,0.3,0
수락산,2015-07-22 14:00,29.5,1.5,0
수락산,2015-07-22 15:00,30,0.9,0
수락산,2015-07-22 16:00,29.5,0.4,0
수락산,2015-07-22 17:00,27.1,1.3,0.5
수락산,2015-07-22 18:00,26,0.9,4.5
수락산,2015-07-22 19:00,25.9,0.4,0
수락산,2015-07-22 20:00,25.7,0.5,0
수락산,2015-07-22 21:00,25.1,0.8,0
수락산,2015-07-22 22:00,25.1,0.8,0
수락산,2015-07-22 23:00,24.9,0.6,0
수락산,2015-07-23 0:00,24.6,0.7,0
수락산,2015-07-23 1:00,24.4,0.7,0
수락산,2015-07-23 2:00,24.1,0.5,0
수락산,2015-07-23 3:00,23.8,0.2,0
수락산,2015-07-23 4:00,23.6,0,0
수락산,2015-07-23 5:00,23.6,0,0
수락산,2015-07-23 6:00,23.7,0.5,0
수락산,2015-07-23 7:00,24,0.7,0
수락산,2015-07-23 8:00,25,0.9,0
수락산,2015-07-23 9:00,27.2,1.1,0
수락산,2015-07-23 10:00,27.5,1.1,0
수락산,2015-07-23 11:00,28.2,1,0
수락산,2015-07-23 12:00,27.2,1.1,0
수락산,2015-07-23 13:00,28.9,1.4,0
수락산,2015-07-23 14:00,30.3,1.4,0
수락산,2015-07-23 15:00,29.8,0.8,0
수락산,2015-07-23 16:00,28.2,1,0
수락산,2015-07-23 17:00,25.6,0.8,2.5
수락산,2015-07-23 18:00,25.4,0.8,0.5
수락산,2015-07-23 19:00,25.4,0.5,2.5
수락산,2015-07-23 20:00,25.1,1.1,0.5
수락산,2015-07-23 21:00,24.9,1.6,5
수락산,2015-07-23 22:00,24.6,2.4,7
수락산,2015-07-23 23:00,24.4,2.4,3
수락산,2015-07-24 0:00,24.6,1.1,2
수락산,2015-07-24 1:00,24.7,1.4,1
수락산,2015-07-24 2:00,24.7,0.5,1
수락산,2015-07-24 3:00,24.8,1.6,2.5
수락산,2015-07-24 4:00,24.6,0.9,0.5
수락산,2015-07-24 5:00,24.4,0.9,3.5
수락산,2015-07-24 6:00,24.6,0.9,4
수락산,2015-07-24 7:00,24.5,0.7,1
수락산,2015-07-24 8:00,22.4,3.3,2
수락산,2015-07-24 9:00,22.3,0.2,1.5
수락산,2015-07-24 10:00,23,0.5,0.5
수락산,2015-07-24 11:00,22.7,0.5,1.5
수락산,2015-07-24 12:00,23.5,0.1,0
수락산,2015-07-24 13:00,24,0.8,0.5
수락산,2015-07-24 14:00,24.8,0.2,0
수락산,2015-07-24 15:00,24.3,0.1,0.5
수락산,2015-07-24 16:00,24.4,0,0
수락산,2015-07-24 17:00,24.4,0,0
수락산,2015-07-24 18:00,23.8,0.9,0
수락산,2015-07-24 19:00,23.9,0,0
수락산,2015-07-24 20:00,23.6,0.4,0
수락산,2015-07-24 21:00,23.7,0.2,0
수락산,2015-07-24 22:00,23.9,0.3,0
수락산,2015-07-24 23:00,24.3,0.6,0
수락산,2015-07-25 0:00,24,0.3,0
수락산,2015-07-25 1:00,23.7,0.3,2
수락산,2015-07-25 2:00,23.7,0.4,1
수락산,2015-07-25 3:00,23.9,0.6,0.5
수락산,2015-07-25 4:00,23.9,0.9,0
수락산,2015-07-25 5:00,23.9,0.5,0
수락산,2015-07-25 6:00,23.5,2,27
수락산,2015-07-25 7:00,23.7,2.3,11.5
수락산,2015-07-25 8:00,24.2,2.2,0
수락산,2015-07-25 9:00,24.7,2.1,0
수락산,2015-07-25 10:00,24.7,2.5,0
수락산,2015-07-25 11:00,25.1,2,0
수락산,2015-07-25 12:00,24.9,2.5,0.5
수락산,2015-07-25 13:00,24.7,2.6,1.5
수락산,2015-07-25 14:00,25.1,1.7,2.5
수락산,2015-07-25 15:00,25.1,1.7,5
수락산,2015-07-25 16:00,25,2.3,12
수락산,2015-07-25 17:00,25,2,3
수락산,2015-07-25 18:00,24.9,3,12
수락산,2015-07-25 19:00,24.6,1.9,3
수락산,2015-07-25 20:00,24.7,2.1,0.5
수락산,2015-07-25 21:00,24.9,3.9,0
수락산,2015-07-25 22:00,24.7,2,0
수락산,2015-07-25 23:00,24.7,2.6,0
수락산,2015-07-26 0:00,24.6,1.1,0
수락산,2015-07-26 1:00,24.5,2.2,0.5
수락산,2015-07-26 2:00,24.3,1.7,0
수락산,2015-07-26 3:00,24.1,0.1,0.5
수락산,2015-07-26 4:00,23.9,0.6,0
수락산,2015-07-26 5:00,23.7,0,1.5
수락산,2015-07-26 6:00,23.6,0.5,10
수락산,2015-07-26 7:00,23.8,2.9,9.5
수락산,2015-07-26 8:00,23.5,2.4,8
수락산,2015-07-26 9:00,23.6,1.7,6.5
수락산,2015-07-26 10:00,23.9,0.9,1
수락산,2015-07-26 11:00,25.5,0.2,1
수락산,2015-07-26 12:00,26.2,1.2,0
수락산,2015-07-26 13:00,27.1,1.2,0
수락산,2015-07-26 14:00,27,1.8,0
수락산,2015-07-26 15:00,27.4,1.7,0
수락산,2015-07-26 16:00,27.1,1.9,0
수락산,2015-07-26 17:00,26.9,0.7,0
수락산,2015-07-26 18:00,26.1,1.2,0
수락산,2015-07-26 19:00,25.4,1.2,0
수락산,2015-07-26 20:00,24.9,0,0
수락산,2015-07-26 21:00,24.4,0.5,0
수락산,2015-07-26 22:00,24.1,0.2,0
수락산,2015-07-26 23:00,24.1,1,0
수락산,2015-07-27 0:00,23.5,0,0
수락산,2015-07-27 1:00,23.2,0,0
수락산,2015-07-27 2:00,23.2,0,0
수락산,2015-07-27 3:00,23.3,0.2,0
수락산,2015-07-27 4:00,23.1,0.6,0
수락산,2015-07-27 5:00,22.9,0,0
수락산,2015-07-27 6:00,23.1,0.2,0
수락산,2015-07-27 7:00,23.4,0,0
수락산,2015-07-27 8:00,23.9,0.1,0
수락산,2015-07-27 9:00,24.6,0,0
수락산,2015-07-27 10:00,25.1,0,0
수락산,2015-07-27 11:00,25.2,0.8,0
수락산,2015-07-27 12:00,26.2,0.8,0
수락산,2015-07-27 13:00,27.2,0.9,0
수락산,2015-07-27 14:00,27.5,1.2,0
수락산,2015-07-27 15:00,28.2,1.1,0
수락산,2015-07-27 16:00,29.2,1.1,0
수락산,2015-07-27 17:00,28,1.1,0
수락산,2015-07-27 18:00,28.2,1.8,0
수락산,2015-07-27 19:00,26.9,0.9,0
수락산,2015-07-27 20:00,25.6,0.7,0
수락산,2015-07-27 21:00,25.2,1.4,0
수락산,2015-07-27 22:00,24.7,1.1,0
수락산,2015-07-27 23:00,24.8,1.2,0
수락산,2015-07-28 0:00,24.4,0.5,0
수락산,2015-07-28 1:00,24.5,0,0
수락산,2015-07-28 2:00,24.4,0,0
수락산,2015-07-28 3:00,24.4,0.7,0
수락산,2015-07-28 4:00,24.2,1.3,0
수락산,2015-07-28 5:00,23.8,0,0
수락산,2015-07-28 6:00,23.8,0,0
수락산,2015-07-28 7:00,24.4,0,0
수락산,2015-07-28 8:00,25.1,0.2,0
수락산,2015-07-28 9:00,26,0.7,0
수락산,2015-07-28 10:00,26.8,0.3,0
수락산,2015-07-28 11:00,27.7,0.3,0
수락산,2015-07-28 12:00,29.7,1.1,0
수락산,2015-07-28 13:00,30.2,1.2,0
수락산,2015-07-28 14:00,30.3,1.5,0
수락산,2015-07-28 15:00,30.5,1.5,0
수락산,2015-07-28 16:00,30.8,1.1,0
수락산,2015-07-28 17:00,30.2,1.4,0
수락산,2015-07-28 18:00,28.9,1.7,0
수락산,2015-07-28 19:00,27.8,1.5,0
수락산,2015-07-28 20:00,25.9,0.4,0
수락산,2015-07-28 21:00,26.1,1,0
수락산,2015-07-28 22:00,24.9,0.7,0
수락산,2015-07-28 23:00,25.6,0.8,0
수락산,2015-07-29 0:00,25.5,0.4,0
수락산,2015-07-29 1:00,25.2,0.4,0
수락산,2015-07-29 2:00,25.2,0.8,0
수락산,2015-07-29 3:00,25,0.1,0
수락산,2015-07-29 4:00,24.8,0.9,0
수락산,2015-07-29 5:00,25.1,1.4,0
수락산,2015-07-29 6:00,24.8,1.7,0
수락산,2015-07-29 7:00,25.2,0.6,0
수락산,2015-07-29 8:00,25.3,2,2.5
수락산,2015-07-29 9:00,25.1,0.6,4
수락산,2015-07-29 10:00,25.1,0.9,0.5
수락산,2015-07-29 11:00,25,0,0.5
수락산,2015-07-29 12:00,25.2,0.8,0
수락산,2015-07-29 13:00,26.2,1.1,0
수락산,2015-07-29 14:00,27.2,1.3,0
수락산,2015-07-29 15:00,28,0.9,0
수락산,2015-07-29 16:00,27.5,0.7,0
수락산,2015-07-29 17:00,27.4,0.3,0
수락산,2015-07-29 18:00,27.3,0.5,0
수락산,2015-07-29 19:00,27.2,1.2,0
수락산,2015-07-29 20:00,26.1,0,0
수락산,2015-07-29 21:00,26.4,0.5,0
수락산,2015-07-29 22:00,25.7,0,0
수락산,2015-07-29 23:00,26.2,0.9,0
수락산,2015-07-30 0:00,25.7,0.1,0
수락산,2015-07-30 1:00,26.1,0.6,0
수락산,2015-07-30 2:00,25.6,0.7,0
수락산,2015-07-30 3:00,24.6,0.3,0
수락산,2015-07-30 4:00,24.5,0.8,0
수락산,2015-07-30 5:00,24.6,0.2,0
수락산,2015-07-30 6:00,25.6,2.1,0
수락산,2015-07-30 7:00,25.8,0.7,0
수락산,2015-07-30 8:00,26.5,0.7,0
수락산,2015-07-30 9:00,27.8,2.1,0
수락산,2015-07-30 10:00,29.6,1.2,0
수락산,2015-07-30 11:00,30.2,1.6,0
수락산,2015-07-30 12:00,31.2,2,0
수락산,2015-07-30 13:00,31.5,2.4,0
수락산,2015-07-30 14:00,31.7,2.1,0
수락산,2015-07-30 15:00,32.4,2,0
수락산,2015-07-30 16:00,32,1.5,0
수락산,2015-07-30 17:00,31.8,2.7,0
수락산,2015-07-30 18:00,30.9,2,0
수락산,2015-07-30 19:00,30.1,2.6,0
수락산,2015-07-30 20:00,28.6,1.2,0
수락산,2015-07-30 21:00,27.5,0.3,0
수락산,2015-07-30 22:00,27.2,0,0
수락산,2015-07-30 23:00,27,0.6,0
수락산,2015-07-31 0:00,26.5,0.2,0
수락산,2015-07-31 1:00,26.7,0.7,0
수락산,2015-07-31 2:00,25.9,0.3,0
수락산,2015-07-31 3:00,25.9,1.2,0
수락산,2015-07-31 4:00,26,0.9,0
수락산,2015-07-31 5:00,25.5,1,0
수락산,2015-07-31 6:00,25.1,0.3,0
수락산,2015-07-31 7:00,25.9,0.1,0
수락산,2015-07-31 8:00,26.9,1.5,0
수락산,2015-07-31 9:00,27.1,1.2,0
수락산,2015-07-31 10:00,28,1.2,0
수락산,2015-07-31 11:00,28.5,0.7,0
수락산,2015-07-31 12:00,29.3,1.1,0
수락산,2015-07-31 13:00,30.9,2,0
수락산,2015-07-31 14:00,30.7,1.7,0
수락산,2015-07-31 15:00,31.1,2.9,0
수락산,2015-07-31 16:00,29.7,3.1,0
수락산,2015-07-31 17:00,29.4,2,0
수락산,2015-07-31 18:00,28.6,2.8,0
수락산,2015-07-31 19:00,27.3,1.8,0
수락산,2015-07-31 20:00,26,0.4,0
수락산,2015-07-31 21:00,25.2,0.2,0
수락산,2015-07-31 22:00,24.8,0.9,0
수락산,2015-07-31 23:00,24.2,0.3,0
수락산,2015-08-01 0:00,24.3,0.7,0
수락산,2015-08-01 1:00,24.2,0.5,0
수락산,2015-08-01 2:00,23.9,0,0
수락산,2015-08-01 3:00,24.1,0.6,0
수락산,2015-08-01 4:00,24.8,1.1,0
수락산,2015-08-01 5:00,25.1,1.3,0
수락산,2015-08-01 6:00,25.4,2,0
수락산,2015-08-01 7:00,26.2,1.1,0
수락산,2015-08-01 8:00,26,0.9,0
수락산,2015-08-01 9:00,24.4,1.4,0
수락산,2015-08-01 10:00,25.6,1,0
수락산,2015-08-01 11:00,27.9,0.8,0
수락산,2015-08-01 12:00,28.5,0.3,0
수락산,2015-08-01 13:00,29.8,1.1,0
수락산,2015-08-01 14:00,29.8,1.3,0
수락산,2015-08-01 15:00,28.6,0.4,2
수락산,2015-08-01 16:00,30.7,1.2,0
수락산,2015-08-01 17:00,30.2,1.6,0
수락산,2015-08-01 18:00,28.8,1.8,0
수락산,2015-08-01 19:00,27.8,1.5,0
수락산,2015-08-01 20:00,27.1,1,0
수락산,2015-08-01 21:00,26.1,0,0
수락산,2015-08-01 22:00,25.9,0.6,0
수락산,2015-08-01 23:00,25.5,0,0
수락산,2015-08-02 0:00,25.6,0.8,0
수락산,2015-08-02 1:00,26.6,0.8,0
수락산,2015-08-02 2:00,26.5,0.6,0
수락산,2015-08-02 3:00,23.8,0.8,4.5
수락산,2015-08-02 4:00,23.6,0.4,4.5
수락산,2015-08-02 5:00,23.4,1,0.5
수락산,2015-08-02 6:00,23.5,1.6,0
수락산,2015-08-02 7:00,24,0.4,0
수락산,2015-08-02 8:00,24,1.7,0.5
수락산,2015-08-02 9:00,24.1,0.8,0.5
수락산,2015-08-02 10:00,25,0.4,0.5
수락산,2015-08-02 11:00,25.8,0.2,0
수락산,2015-08-02 12:00,26.8,0,0
수락산,2015-08-02 13:00,28.6,1.3,0
수락산,2015-08-02 14:00,28,1.4,0
수락산,2015-08-02 15:00,28.4,1.2,0
수락산,2015-08-02 16:00,29.1,1,0
수락산,2015-08-02 17:00,27.7,0.9,0
수락산,2015-08-02 18:00,27.6,1,0
수락산,2015-08-02 19:00,27.2,0.7,0
수락산,2015-08-02 20:00,25.3,0.6,2.5
수락산,2015-08-02 21:00,25.2,0.1,0.5
수락산,2015-08-02 22:00,25.1,1.2,0
수락산,2015-08-02 23:00,25,0.6,0
수락산,2015-08-03 0:00,25.2,0.6,0
수락산,2015-08-03 1:00,24.8,0.5,0
수락산,2015-08-03 2:00,25.1,0.7,0
수락산,2015-08-03 3:00,24.8,0.6,0
수락산,2015-08-03 4:00,24.5,0,0
수락산,2015-08-03 5:00,25.1,1.6,0
수락산,2015-08-03 6:00,24.7,0.5,0
수락산,2015-08-03 7:00,26.1,1,0
수락산,2015-08-03 8:00,26.4,1.5,0
수락산,2015-08-03 9:00,27.8,1.5,0
수락산,2015-08-03 10:00,27.1,2,0
수락산,2015-08-03 11:00,28.3,2.1,0
수락산,2015-08-03 12:00,29.8,3.1,0
수락산,2015-08-03 13:00,30.4,2.5,0
수락산,2015-08-03 14:00,30.3,1.9,0
수락산,2015-08-03 15:00,30.2,1.3,0
수락산,2015-08-03 16:00,30.1,1.7,0
수락산,2015-08-03 17:00,29.7,1.6,0
수락산,2015-08-03 18:00,28.8,1.7,0
수락산,2015-08-03 19:00,28.3,0.9,0
수락산,2015-08-03 20:00,26.9,0.6,0
수락산,2015-08-03 21:00,26.4,0.4,0
수락산,2015-08-03 22:00,25.8,0.5,0
수락산,2015-08-03 23:00,25.1,0,0
수락산,2015-08-04 0:00,24.4,0.6,0
수락산,2015-08-04 1:00,23.9,0,0
수락산,2015-08-04 2:00,24.1,1.5,0
수락산,2015-08-04 3:00,24.9,1.3,0
수락산,2015-08-04 4:00,24.7,1.2,0
수락산,2015-08-04 5:00,24.8,1.4,0
수락산,2015-08-04 6:00,24.8,1.6,0
수락산,2015-08-04 7:00,25.4,1.6,0
수락산,2015-08-04 8:00,26.1,2.3,0
수락산,2015-08-04 9:00,26.7,2.2,0
수락산,2015-08-04 10:00,28,2.9,0
수락산,2015-08-04 11:00,28.1,2.8,0
수락산,2015-08-04 12:00,27.9,2.6,0
수락산,2015-08-04 13:00,28.8,3,0
수락산,2015-08-04 14:00,29.8,1.8,0
수락산,2015-08-04 15:00,30.3,3.2,0
수락산,2015-08-04 16:00,30.7,2,0
수락산,2015-08-04 17:00,29.8,2.7,0
수락산,2015-08-04 18:00,28.8,1.5,0
수락산,2015-08-04 19:00,28.2,1.5,0
수락산,2015-08-04 20:00,27.7,2.7,0
수락산,2015-08-04 21:00,27.4,2.1,0
수락산,2015-08-04 22:00,27.2,1.6,0
수락산,2015-08-04 23:00,26.9,1.3,0
수락산,2015-08-05 0:00,26.8,3,0
수락산,2015-08-05 1:00,26.5,1.1,0
수락산,2015-08-05 2:00,26.4,1.9,0
수락산,2015-08-05 3:00,25.8,2,0
수락산,2015-08-05 4:00,25.5,1.5,0
수락산,2015-08-05 5:00,26.1,1.3,0
수락산,2015-08-05 6:00,25.8,1.5,0
수락산,2015-08-05 7:00,25.5,1.5,0
수락산,2015-08-05 8:00,25.2,4.1,1
수락산,2015-08-05 9:00,26.9,1.7,0
수락산,2015-08-05 10:00,27.3,1.6,0
수락산,2015-08-05 11:00,28.6,1.8,0
수락산,2015-08-05 12:00,29.2,1.1,0
수락산,2015-08-05 13:00,29.6,1.2,0
수락산,2015-08-05 14:00,29.1,1.3,0
수락산,2015-08-05 15:00,29.6,1.1,0
수락산,2015-08-05 16:00,28.9,2,0
수락산,2015-08-05 17:00,30,1.8,0
수락산,2015-08-05 18:00,28.7,1.4,0
수락산,2015-08-05 19:00,27,0.6,0
수락산,2015-08-05 20:00,26.3,0.1,0
수락산,2015-08-05 21:00,25.5,0.2,0
수락산,2015-08-05 22:00,24.9,0.3,0
수락산,2015-08-05 23:00,24.6,0.3,0
수락산,2015-08-06 0:00,24.2,0,0
수락산,2015-08-06 1:00,23.4,0.6,0
수락산,2015-08-06 2:00,23.1,0.6,0
수락산,2015-08-06 3:00,22.8,0.2,0
수락산,2015-08-06 4:00,22.2,0,0
수락산,2015-08-06 5:00,22.2,0.6,0
수락산,2015-08-06 6:00,22.1,0,0
수락산,2015-08-06 7:00,23.2,0.4,0
수락산,2015-08-06 8:00,25.9,0.6,0
수락산,2015-08-06 9:00,27.4,0.8,0
수락산,2015-08-06 10:00,29.3,1.7,0
수락산,2015-08-06 11:00,30.5,0.9,0
수락산,2015-08-06 12:00,31.9,1.3,0
수락산,2015-08-06 13:00,32,1.9,0
수락산,2015-08-06 14:00,31.4,1.1,0
수락산,2015-08-06 15:00,31,1,0
수락산,2015-08-06 16:00,31,1.4,0
수락산,2015-08-06 17:00,31.3,2.2,0
수락산,2015-08-06 18:00,30.8,0.9,0
수락산,2015-08-06 19:00,29.6,1.5,0
수락산,2015-08-06 20:00,28,0.4,0
수락산,2015-08-06 21:00,27.1,0.2,0
수락산,2015-08-06 22:00,26.8,0,0
수락산,2015-08-06 23:00,26,0,0
수락산,2015-08-07 0:00,26,0,0
수락산,2015-08-07 1:00,25.4,0,0
수락산,2015-08-07 2:00,24.9,0,0
수락산,2015-08-07 3:00,24.7,0,0
수락산,2015-08-07 4:00,24.3,0.2,0
수락산,2015-08-07 5:00,24.2,0,0
수락산,2015-08-07 6:00,23.9,0,0
수락산,2015-08-07 7:00,25.1,0,0
수락산,2015-08-07 8:00,26.3,0,0
수락산,2015-08-07 9:00,28,0.5,0
수락산,2015-08-07 10:00,30.4,1.7,0
수락산,2015-08-07 11:00,32.6,1,0
수락산,2015-08-07 12:00,33.2,1.1,0
수락산,2015-08-07 13:00,32.5,1.3,0
수락산,2015-08-07 14:00,34.9,1,0
수락산,2015-08-07 15:00,32.4,1.1,0
수락산,2015-08-07 16:00,31.2,1.6,0
수락산,2015-08-07 17:00,25.9,2.6,2
수락산,2015-08-07 18:00,26.7,1.8,0.5
수락산,2015-08-07 19:00,26,0.7,0
수락산,2015-08-07 20:00,25.3,0,0
수락산,2015-08-07 21:00,24.9,0.9,0
수락산,2015-08-07 22:00,24.3,0.3,0
수락산,2015-08-07 23:00,24.2,0.4,0
수락산,2015-08-08 0:00,24,0,0
수락산,2015-08-08 1:00,23.5,0,0
수락산,2015-08-08 2:00,23.6,0,0
수락산,2015-08-08 3:00,23.3,0,0
수락산,2015-08-08 4:00,23.3,0,0
수락산,2015-08-08 5:00,23.1,0,0
수락산,2015-08-08 6:00,23.2,0,0
수락산,2015-08-08 7:00,23.8,0,0
수락산,2015-08-08 8:00,26,0.2,0
수락산,2015-08-08 9:00,27.7,0.6,0
수락산,2015-08-08 10:00,30.6,1.7,0
수락산,2015-08-08 11:00,31.9,2.2,0
수락산,2015-08-08 12:00,32.9,2.1,0
수락산,2015-08-08 13:00,31.6,2.4,0
수락산,2015-08-08 14:00,22.8,1.9,24.5
수락산,2015-08-08 15:00,22.9,1.2,2.5
수락산,2015-08-08 16:00,24,0.8,1.5
수락산,2015-08-08 17:00,24.9,0.7,0
수락산,2015-08-08 18:00,25.2,2,0
수락산,2015-08-08 19:00,24.6,0,0
수락산,2015-08-08 20:00,23.4,0.7,0
수락산,2015-08-08 21:00,23.3,0,0
수락산,2015-08-08 22:00,22.9,0.3,0
수락산,2015-08-08 23:00,23.3,0.7,0
수락산,2015-08-09 0:00,23.1,0.8,0
수락산,2015-08-09 1:00,23.1,0.3,0
수락산,2015-08-09 2:00,22.8,0,0
수락산,2015-08-09 3:00,22.3,0,0
수락산,2015-08-09 4:00,21.9,1,0
수락산,2015-08-09 5:00,21.7,0,0
수락산,2015-08-09 6:00,21.5,0.7,0
수락산,2015-08-09 7:00,22.6,0,0
수락산,2015-08-09 8:00,23.7,0.7,0
수락산,2015-08-09 9:00,25.3,1,0
수락산,2015-08-09 10:00,26,0.3,0
수락산,2015-08-09 11:00,28.5,0.6,0
수락산,2015-08-09 12:00,28,1.8,0
수락산,2015-08-09 13:00,27.9,1.5,0
수락산,2015-08-09 14:00,29.9,1.3,0
수락산,2015-08-09 15:00,29.6,1.3,0
수락산,2015-08-09 16:00,29.5,1.5,0
수락산,2015-08-09 17:00,29.7,2,0
수락산,2015-08-09 18:00,28.4,1.5,0
수락산,2015-08-09 19:00,27,2.6,0
수락산,2015-08-09 20:00,25.9,1.5,0
수락산,2015-08-09 21:00,25.4,1.5,0
수락산,2015-08-09 22:00,24.5,0.5,0
수락산,2015-08-09 23:00,23.6,0.4,0
수락산,2015-08-10 0:00,23.5,0.1,0
수락산,2015-08-10 1:00,23.2,0.3,0
수락산,2015-08-10 2:00,22.8,0.3,0
수락산,2015-08-10 3:00,22.6,0.7,0
수락산,2015-08-10 4:00,22.3,0.4,0
수락산,2015-08-10 5:00,21.9,0,0
수락산,2015-08-10 6:00,22,0,0
수락산,2015-08-10 7:00,23,0.1,0
수락산,2015-08-10 8:00,23.8,0.8,0
수락산,2015-08-10 9:00,24.8,1.2,0
수락산,2015-08-10 10:00,26,1.3,0
수락산,2015-08-10 11:00,27.2,0.9,0
수락산,2015-08-10 12:00,29.3,0.8,0
수락산,2015-08-10 13:00,30.2,1.2,0
수락산,2015-08-10 14:00,30.6,1.7,0
수락산,2015-08-10 15:00,30.3,2.2,0
수락산,2015-08-10 16:00,30.6,1.5,0
수락산,2015-08-10 17:00,30.2,2,0
수락산,2015-08-10 18:00,29.7,1.4,0
수락산,2015-08-10 19:00,28,1.6,0
수락산,2015-08-10 20:00,26.8,1.6,0
수락산,2015-08-10 21:00,25.8,1.1,0
수락산,2015-08-10 22:00,25.6,1.3,0
수락산,2015-08-10 23:00,24.3,0,0
수락산,2015-08-11 0:00,23.7,0,0
수락산,2015-08-11 1:00,23,0.9,0
수락산,2015-08-11 2:00,23.3,0.1,0
수락산,2015-08-11 3:00,22.7,0.7,0
수락산,2015-08-11 4:00,22.7,0,0
수락산,2015-08-11 5:00,22.3,0,0
수락산,2015-08-11 6:00,22.3,0,0
수락산,2015-08-11 7:00,23.1,0.4,0
수락산,2015-08-11 8:00,24.5,0.9,0
수락산,2015-08-11 9:00,26.4,1.2,0
수락산,2015-08-11 10:00,27.1,0.6,0
수락산,2015-08-11 11:00,27.8,1,0
수락산,2015-08-11 12:00,28.9,0.8,0
수락산,2015-08-11 13:00,29.5,0.8,0
수락산,2015-08-11 14:00,29.7,0.7,0
수락산,2015-08-11 15:00,28.9,1.8,0
수락산,2015-08-11 16:00,26.8,2.2,0
수락산,2015-08-11 17:00,27.4,1.2,0
수락산,2015-08-11 18:00,22.1,2,3
수락산,2015-08-11 19:00,22.3,1,0
수락산,2015-08-11 20:00,22.1,0.7,0
수락산,2015-08-11 21:00,21.7,0.9,0
수락산,2015-08-11 22:00,21.4,1.1,0
수락산,2015-08-11 23:00,21.1,0.2,0
수락산,2015-08-12 0:00,21.1,0.2,0
수락산,2015-08-12 1:00,21.3,0,0
수락산,2015-08-12 2:00,20.8,0.7,0
수락산,2015-08-12 3:00,20.8,0.1,0
수락산,2015-08-12 4:00,20.3,0.8,0
수락산,2015-08-12 5:00,20.3,0.1,0
수락산,2015-08-12 6:00,20.2,0.3,0
수락산,2015-08-12 7:00,20.9,0.7,0
수락산,2015-08-12 8:00,21.5,0.6,0
수락산,2015-08-12 9:00,23.3,1,0
수락산,2015-08-12 10:00,25.8,0.9,0
수락산,2015-08-12 11:00,27.5,1.3,0
수락산,2015-08-12 12:00,29.1,1.2,0
수락산,2015-08-12 13:00,30.1,1,0
수락산,2015-08-12 14:00,30.5,1.6,0
수락산,2015-08-12 15:00,29.7,0.3,0
수락산,2015-08-12 16:00,29.8,1.4,0
수락산,2015-08-12 17:00,30.4,1.4,0
수락산,2015-08-12 18:00,29.6,1.9,0
수락산,2015-08-12 19:00,28.2,1.3,0
수락산,2015-08-12 20:00,26,0.1,0
수락산,2015-08-12 21:00,26.1,0.3,0
수락산,2015-08-12 22:00,25.4,1.1,0
수락산,2015-08-12 23:00,24.2,1.1,0
수락산,2015-08-13 0:00,23.5,0.1,0
수락산,2015-08-13 1:00,22.7,0.6,0
수락산,2015-08-13 2:00,22.4,0,0
수락산,2015-08-13 3:00,22.1,0,0
수락산,2015-08-13 4:00,21.6,1.2,0
수락산,2015-08-13 5:00,21.3,0,0
수락산,2015-08-13 6:00,20.9,0.6,0
수락산,2015-08-13 7:00,21.9,0.9,0
수락산,2015-08-13 8:00,24.4,0.8,0
수락산,2015-08-13 9:00,26.2,1.4,0
수락산,2015-08-13 10:00,27.5,1.3,0
수락산,2015-08-13 11:00,29.2,1.8,0
수락산,2015-08-13 12:00,26.3,0.4,4.5
수락산,2015-08-13 13:00,29.4,1.6,0
수락산,2015-08-13 14:00,23.1,1.6,4.5
수락산,2015-08-13 15:00,24.9,1.3,10
수락산,2015-08-13 16:00,27.5,1.5,0
수락산,2015-08-13 17:00,23.6,2.2,0
수락산,2015-08-13 18:00,21.7,1.6,0
수락산,2015-08-13 19:00,22.3,0.8,0
수락산,2015-08-13 20:00,21.2,0.9,0
수락산,2015-08-13 21:00,21.3,0.3,0
수락산,2015-08-13 22:00,20.9,0.6,0
수락산,2015-08-13 23:00,21.3,0.7,0
수락산,2015-08-14 0:00,21.1,0.6,0
수락산,2015-08-14 1:00,20.8,0.8,0
수락산,2015-08-14 2:00,20.5,0.5,0
수락산,2015-08-14 3:00,20,0.6,0
수락산,2015-08-14 4:00,20,0.7,0
수락산,2015-08-14 5:00,20.1,0.4,0
수락산,2015-08-14 6:00,19.9,0.1,0
수락산,2015-08-14 7:00,20.7,0.3,0
수락산,2015-08-14 8:00,22.6,0,0
수락산,2015-08-14 9:00,24.2,1,0
수락산,2015-08-14 10:00,26.1,1.2,0
수락산,2015-08-14 11:00,27.8,1.2,0
수락산,2015-08-14 12:00,29.5,0.6,0
수락산,2015-08-14 13:00,28.1,0.4,0
수락산,2015-08-14 14:00,29.8,0.8,0
수락산,2015-08-14 15:00,29.8,1.2,0
수락산,2015-08-14 16:00,29.8,1.4,0
수락산,2015-08-14 17:00,30.3,2.2,0
수락산,2015-08-14 18:00,29.1,2.2,0
수락산,2015-08-14 19:00,27.1,0.9,0
수락산,2015-08-14 20:00,26.5,1.4,0
수락산,2015-08-14 21:00,25.9,1.3,0
수락산,2015-08-14 22:00,24.7,1.1,0
수락산,2015-08-14 23:00,23.3,0.7,0
수락산,2015-08-15 0:00,22.8,0.2,0
수락산,2015-08-15 1:00,22.1,0.7,0
수락산,2015-08-15 2:00,21.9,0,0
수락산,2015-08-15 3:00,21.7,0.6,0
수락산,2015-08-15 4:00,21.3,0.7,0
수락산,2015-08-15 5:00,21.2,0,0
수락산,2015-08-15 6:00,21,0,0
수락산,2015-08-15 7:00,21.6,1.1,0
수락산,2015-08-15 8:00,23.9,0.6,0
수락산,2015-08-15 9:00,26,0.8,0
수락산,2015-08-15 10:00,27.3,1.1,0
수락산,2015-08-15 11:00,28.7,1.6,0
수락산,2015-08-15 12:00,29.2,1.4,0
수락산,2015-08-15 13:00,30.5,0.6,0
수락산,2015-08-15 14:00,30,1.3,0
수락산,2015-08-15 15:00,29.4,1.8,0
수락산,2015-08-15 16:00,29,2.2,0
수락산,2015-08-15 17:00,29.5,1.7,0
수락산,2015-08-15 18:00,28.7,1.9,0
수락산,2015-08-15 19:00,27.6,1.6,0
수락산,2015-08-15 20:00,26,0.5,0
수락산,2015-08-15 21:00,25.4,0.3,0
수락산,2015-08-15 22:00,24.5,0.2,0
수락산,2015-08-15 23:00,23.9,0.6,0
수락산,2015-08-16 0:00,23.9,0,0
수락산,2015-08-16 1:00,23.4,0,0
수락산,2015-08-16 2:00,23.4,0.3,0
수락산,2015-08-16 3:00,23,1,0
수락산,2015-08-16 4:00,22.8,0,0
수락산,2015-08-16 5:00,22.9,0.5,0
수락산,2015-08-16 6:00,22.6,0.2,0
수락산,2015-08-16 7:00,23.4,1.1,0
수락산,2015-08-16 8:00,24.5,0,0
수락산,2015-08-16 9:00,25.9,0.6,0
수락산,2015-08-16 10:00,27,0.5,0
수락산,2015-08-16 11:00,27.8,0.4,0
수락산,2015-08-16 12:00,29.4,0.6,0
수락산,2015-08-16 13:00,28.5,0,0
수락산,2015-08-16 14:00,27.7,2.5,0
수락산,2015-08-16 15:00,28.5,1.7,0
수락산,2015-08-16 16:00,27.1,2.5,0
수락산,2015-08-16 17:00,25.5,2.5,0
수락산,2015-08-16 18:00,25.8,2.2,0
수락산,2015-08-16 19:00,24.9,2.2,0
수락산,2015-08-16 20:00,21.1,0.8,1
수락산,2015-08-16 21:00,20.4,0.5,5
수락산,2015-08-16 22:00,20.5,1.3,0.5
수락산,2015-08-16 23:00,20.4,0.5,0
수락산,2015-08-17 0:00,20.3,0.7,0
수락산,2015-08-17 1:00,20,0.7,0
수락산,2015-08-17 2:00,19.5,0.5,0
수락산,2015-08-17 3:00,19.1,0.4,0
수락산,2015-08-17 4:00,19,0,0
수락산,2015-08-17 5:00,18.7,0.7,0
수락산,2015-08-17 6:00,18.5,0.5,0
수락산,2015-08-17 7:00,19.4,0,0
수락산,2015-08-17 8:00,21.6,1,0
수락산,2015-08-17 9:00,23.8,0.8,0
수락산,2015-08-17 10:00,26.2,0.6,0
수락산,2015-08-17 11:00,27.8,1.4,0
수락산,2015-08-17 12:00,28.5,1.1,0
수락산,2015-08-17 13:00,29.6,2,0
수락산,2015-08-17 14:00,29.5,0.9,0
수락산,2015-08-17 15:00,30.8,1.2,0
수락산,2015-08-17 16:00,29.8,0.8,0
수락산,2015-08-17 17:00,29.7,0.6,0
수락산,2015-08-17 18:00,29.3,1,0
수락산,2015-08-17 19:00,27.6,0.5,0
수락산,2015-08-17 20:00,26.1,0,0
수락산,2015-08-17 21:00,25.1,0,0
수락산,2015-08-17 22:00,25.4,1,0
수락산,2015-08-17 23:00,23.7,0.3,0
수락산,2015-08-18 0:00,22.5,0.9,0
수락산,2015-08-18 1:00,21.9,0.3,0
수락산,2015-08-18 2:00,21.9,0.9,0
수락산,2015-08-18 3:00,21.5,0.7,0
수락산,2015-08-18 4:00,21.3,0,0
수락산,2015-08-18 5:00,20.8,0.7,0
수락산,2015-08-18 6:00,20.8,1.2,0
수락산,2015-08-18 7:00,21.7,0.1,0
수락산,2015-08-18 8:00,23.7,2,0
수락산,2015-08-18 9:00,25.3,0.7,0
수락산,2015-08-18 10:00,27.6,1.5,0
수락산,2015-08-18 11:00,29.1,1.8,0
수락산,2015-08-18 12:00,29.5,1.9,0
수락산,2015-08-18 13:00,30.2,1.2,0
수락산,2015-08-18 14:00,30.9,1.7,0
수락산,2015-08-18 15:00,31,1.6,0
수락산,2015-08-18 16:00,31.4,1.5,0
수락산,2015-08-18 17:00,28.5,0.6,0
수락산,2015-08-18 18:00,29.2,1,0
수락산,2015-08-18 19:00,27.3,0.3,0
수락산,2015-08-18 20:00,25.8,0.6,0
수락산,2015-08-18 21:00,25,0,0
수락산,2015-08-18 22:00,24.4,0,0
수락산,2015-08-18 23:00,23.8,0,0
수락산,2015-08-19 0:00,23.5,0.1,0
수락산,2015-08-19 1:00,22.9,0,0
수락산,2015-08-19 2:00,22.8,0,0
수락산,2015-08-19 3:00,22.4,0,0
수락산,2015-08-19 4:00,22.1,0,0
수락산,2015-08-19 5:00,21.8,0,0
수락산,2015-08-19 6:00,21.7,0,0
수락산,2015-08-19 7:00,22.6,0.9,0
수락산,2015-08-19 8:00,23.8,0.7,0
수락산,2015-08-19 9:00,25.1,0.9,0
수락산,2015-08-19 10:00,25.6,1.3,0
수락산,2015-08-19 11:00,26.2,1.6,0
수락산,2015-08-19 12:00,27.2,1.2,0
수락산,2015-08-19 13:00,27.7,1.1,0
수락산,2015-08-19 14:00,28.1,1.4,0
수락산,2015-08-19 15:00,28.8,1.2,0
수락산,2015-08-19 16:00,28.1,1.2,0
수락산,2015-08-19 17:00,27.9,0.6,0
수락산,2015-08-19 18:00,26.8,0.4,0
수락산,2015-08-19 19:00,26.4,0.3,0
수락산,2015-08-19 20:00,25.7,0.8,0
수락산,2015-08-19 21:00,25.2,0.6,0
수락산,2015-08-19 22:00,24,0.7,0
수락산,2015-08-19 23:00,24.4,0.6,0
수락산,2015-08-20 0:00,23.7,0.7,0
수락산,2015-08-20 1:00,23.3,0.7,0
수락산,2015-08-20 2:00,23,0.8,0
수락산,2015-08-20 3:00,22.9,0.5,0
수락산,2015-08-20 4:00,22.5,0,0
수락산,2015-08-20 5:00,22.3,0.1,0
수락산,2015-08-20 6:00,22.7,0.5,0
수락산,2015-08-20 7:00,22.8,0.5,0
수락산,2015-08-20 8:00,24.5,0.6,0
수락산,2015-08-20 9:00,25.9,1.3,0
수락산,2015-08-20 10:00,26.7,1,0
수락산,2015-08-20 11:00,26.8,0.7,0
수락산,2015-08-20 12:00,23.3,1.6,1.5
수락산,2015-08-20 13:00,22.4,0.7,10.5
수락산,2015-08-20 14:00,23,1.1,0
수락산,2015-08-20 15:00,24.4,0.6,0
수락산,2015-08-20 16:00,24.1,0.4,0
수락산,2015-08-20 17:00,24.2,0.5,0
수락산,2015-08-20 18:00,24,0,0
수락산,2015-08-20 19:00,23.9,0.6,0
수락산,2015-08-20 20:00,23.3,0.9,0
수락산,2015-08-20 21:00,23.2,1.1,0
수락산,2015-08-20 22:00,22.8,0.6,0
수락산,2015-08-20 23:00,22.5,1.3,0
수락산,2015-08-21 0:00,22.6,0.9,0
수락산,2015-08-21 1:00,22.4,0.7,0
수락산,2015-08-21 2:00,22.2,0.7,0
수락산,2015-08-21 3:00,22.3,0.2,0
수락산,2015-08-21 4:00,22.1,0.4,0
수락산,2015-08-21 5:00,22.1,0.8,0
수락산,2015-08-21 6:00,22,0.2,0
수락산,2015-08-21 7:00,22.1,0.6,0
수락산,2015-08-21 8:00,22.8,0.1,0
수락산,2015-08-21 9:00,23.5,0.6,0
수락산,2015-08-21 10:00,24.2,0.8,0
수락산,2015-08-21 11:00,25.1,0.9,0
수락산,2015-08-21 12:00,25.8,1,0
수락산,2015-08-21 13:00,26,0.4,0
수락산,2015-08-21 14:00,27,1.1,0
수락산,2015-08-21 15:00,27.7,0.3,0
수락산,2015-08-21 16:00,28.4,1.2,0
수락산,2015-08-21 17:00,28.2,1.3,0
수락산,2015-08-21 18:00,26.6,1.3,0
수락산,2015-08-21 19:00,25.7,1.5,0
수락산,2015-08-21 20:00,24.8,1.1,0
수락산,2015-08-21 21:00,23.5,0.7,0
수락산,2015-08-21 22:00,22.2,0.1,0
수락산,2015-08-21 23:00,21.6,1.3,0
수락산,2015-08-22 0:00,21.5,1.4,0
수락산,2015-08-22 1:00,21.2,0.4,0
수락산,2015-08-22 2:00,21.3,0.7,0
수락산,2015-08-22 3:00,21.7,1.1,0
수락산,2015-08-22 4:00,21.3,0.7,0
수락산,2015-08-22 5:00,21.1,0.3,0
수락산,2015-08-22 6:00,21.5,0.9,0
수락산,2015-08-22 7:00,21.7,0.7,0
수락산,2015-08-22 8:00,23.2,0.9,0
수락산,2015-08-22 9:00,24.8,1,0
수락산,2015-08-22 10:00,25.5,0.9,0
수락산,2015-08-22 11:00,27.5,1.5,0
수락산,2015-08-22 12:00,27.2,1.4,0
수락산,2015-08-22 13:00,28.3,2.5,0
수락산,2015-08-22 14:00,28.3,1.5,0
수락산,2015-08-22 15:00,28.1,2.2,0
수락산,2015-08-22 16:00,28.6,1.8,0
수락산,2015-08-22 17:00,27.2,1.1,0
수락산,2015-08-22 18:00,26.6,1.7,0
수락산,2015-08-22 19:00,24.6,1,0
수락산,2015-08-22 20:00,24.3,0.7,0
수락산,2015-08-22 21:00,22.6,0.3,0
수락산,2015-08-22 22:00,22.1,0.7,0
수락산,2015-08-22 23:00,21.3,1.2,0
수락산,2015-08-23 0:00,21,0.5,0
수락산,2015-08-23 1:00,20.5,0.6,0
수락산,2015-08-23 2:00,20.1,1,0
수락산,2015-08-23 3:00,19.8,0,0
수락산,2015-08-23 4:00,19.3,0,0
수락산,2015-08-23 5:00,19.1,0,0
수락산,2015-08-23 6:00,18.7,0.7,0
수락산,2015-08-23 7:00,19.2,0,0
수락산,2015-08-23 8:00,21.5,0,0
수락산,2015-08-23 9:00,23.8,0.2,0
수락산,2015-08-23 10:00,25.8,1,0
수락산,2015-08-23 11:00,27.2,0.9,0
수락산,2015-08-23 12:00,27.3,0.7,0
수락산,2015-08-23 13:00,28.8,1.4,0
수락산,2015-08-23 14:00,30.3,1.3,0
수락산,2015-08-23 15:00,30.6,1,0
수락산,2015-08-23 16:00,29.1,1,0
수락산,2015-08-23 17:00,28.6,0.4,0
수락산,2015-08-23 18:00,27.8,0,0
수락산,2015-08-23 19:00,26.9,0.5,0
수락산,2015-08-23 20:00,24.7,0,0
수락산,2015-08-23 21:00,23.8,0,0
수락산,2015-08-23 22:00,23.4,0,0
수락산,2015-08-23 23:00,22.9,0,0
수락산,2015-08-24 0:00,22.7,0,0
수락산,2015-08-24 1:00,22,0,0
수락산,2015-08-24 2:00,21.6,0,0
수락산,2015-08-24 3:00,21.6,0.3,0
수락산,2015-08-24 4:00,21,0,0
수락산,2015-08-24 5:00,20.8,0,0
수락산,2015-08-24 6:00,20.3,1.1,0
수락산,2015-08-24 7:00,21.3,0,0
수락산,2015-08-24 8:00,23.5,1.4,0
수락산,2015-08-24 9:00,25.2,0.9,0
수락산,2015-08-24 10:00,27.3,1.8,0
수락산,2015-08-24 11:00,28.6,1.9,0
수락산,2015-08-24 12:00,28.8,2.2,0
수락산,2015-08-24 13:00,29.1,2.1,0
수락산,2015-08-24 14:00,29.8,1.7,0
수락산,2015-08-24 15:00,29.4,2.9,0
수락산,2015-08-24 16:00,28.4,2.8,0
수락산,2015-08-24 17:00,27.8,2.2,0
수락산,2015-08-24 18:00,27.4,3,0
수락산,2015-08-24 19:00,26.6,2.7,0
수락산,2015-08-24 20:00,25.4,3.2,0
수락산,2015-08-24 21:00,24.4,0.7,0
수락산,2015-08-24 22:00,24.5,1.7,0
수락산,2015-08-24 23:00,24.8,1.3,0
수락산,2015-08-25 0:00,23.7,0.4,0
수락산,2015-08-25 1:00,23.5,1.4,0
수락산,2015-08-25 2:00,24,1.4,0
수락산,2015-08-25 3:00,23.5,2,0
수락산,2015-08-25 4:00,23.8,1.8,0
수락산,2015-08-25 5:00,23.4,0.8,0
수락산,2015-08-25 6:00,22.9,0.7,0
수락산,2015-08-25 7:00,22.5,1.2,0
수락산,2015-08-25 8:00,22.3,1.5,0
수락산,2015-08-25 9:00,22.3,1.6,0
수락산,2015-08-25 10:00,22.1,1.3,0.5
수락산,2015-08-25 11:00,20.7,0.9,1
수락산,2015-08-25 12:00,20.3,1.9,1
수락산,2015-08-25 13:00,20.4,1.1,1
수락산,2015-08-25 14:00,20.7,2,0.5
수락산,2015-08-25 15:00,20.7,0.9,0.5
수락산,2015-08-25 16:00,20.5,1.9,0.5
수락산,2015-08-25 17:00,20.4,1.7,1
수락산,2015-08-25 18:00,19.8,1.8,0.5
수락산,2015-08-25 19:00,19.1,2.4,0.5
수락산,2015-08-25 20:00,19,2.2,0.5
수락산,2015-08-25 21:00,19.1,0.9,0
수락산,2015-08-25 22:00,19.4,1.4,0
수락산,2015-08-25 23:00,20,2.6,0.5
수락산,2015-08-26 0:00,20.1,2.5,0
수락산,2015-08-26 1:00,19.3,1.9,0
수락산,2015-08-26 2:00,18.9,1.9,0
수락산,2015-08-26 3:00,18.7,0.7,0
수락산,2015-08-26 4:00,19.1,0.8,0
수락산,2015-08-26 5:00,18.9,1.4,0
수락산,2015-08-26 6:00,19,0.7,0
수락산,2015-08-26 7:00,18.7,0.7,0
수락산,2015-08-26 8:00,19.6,0.6,0
수락산,2015-08-26 9:00,21.6,1.3,0
수락산,2015-08-26 10:00,22.9,1.5,0
수락산,2015-08-26 11:00,23.6,2,0
수락산,2015-08-26 12:00,23.6,1.9,0
수락산,2015-08-26 13:00,23.3,1.4,0
수락산,2015-08-26 14:00,23,2.1,0
수락산,2015-08-26 15:00,22.4,2,0
수락산,2015-08-26 16:00,22.4,1.2,0
수락산,2015-08-26 17:00,22.2,0.5,0
수락산,2015-08-26 18:00,22.3,1.4,0
수락산,2015-08-26 19:00,21.9,0.5,0
수락산,2015-08-26 20:00,22,0.1,0
수락산,2015-08-26 21:00,21.8,0,0
수락산,2015-08-26 22:00,20.2,0.8,2
수락산,2015-08-26 23:00,19.9,0.2,4
수락산,2015-08-27 0:00,20.1,0.6,0
수락산,2015-08-27 1:00,20.2,0.6,0
수락산,2015-08-27 2:00,20.5,0,0
수락산,2015-08-27 3:00,20.8,0.4,0
수락산,2015-08-27 4:00,20.4,0.7,0
수락산,2015-08-27 5:00,19.9,0,0
수락산,2015-08-27 6:00,20.1,1.2,0
수락산,2015-08-27 7:00,20.3,0.9,0
수락산,2015-08-27 8:00,21.7,1.1,0
수락산,2015-08-27 9:00,22.4,1.8,0
수락산,2015-08-27 10:00,24.3,1.9,0
수락산,2015-08-27 11:00,24.9,1.9,0
수락산,2015-08-27 12:00,25.5,1.1,0
수락산,2015-08-27 13:00,27,1.8,0
수락산,2015-08-27 14:00,27.2,2.8,0
수락산,2015-08-27 15:00,27.7,1.8,0
수락산,2015-08-27 16:00,27.7,1.6,0
수락산,2015-08-27 17:00,27.2,2.5,0
수락산,2015-08-27 18:00,25.4,1.7,0
수락산,2015-08-27 19:00,23.8,0.9,0
수락산,2015-08-27 20:00,21.5,0.4,0
수락산,2015-08-27 21:00,20.4,0,0
수락산,2015-08-27 22:00,19.3,0.1,0
수락산,2015-08-27 23:00,18.4,0.5,0
수락산,2015-08-28 0:00,17.7,0.6,0
수락산,2015-08-28 1:00,17.4,0.6,0
수락산,2015-08-28 2:00,17,0,0
수락산,2015-08-28 3:00,16.7,0.8,0
수락산,2015-08-28 4:00,16.2,0.1,0
수락산,2015-08-28 5:00,15.6,0,0
수락산,2015-08-28 6:00,15.8,0,0
수락산,2015-08-28 7:00,17.4,0,0
수락산,2015-08-28 8:00,18.8,0,0
수락산,2015-08-28 9:00,21.1,1.2,0
수락산,2015-08-28 10:00,23.2,0.5,0
수락산,2015-08-28 11:00,24.8,0.9,0
수락산,2015-08-28 12:00,26,1.1,0
수락산,2015-08-28 13:00,26.2,1.1,0
수락산,2015-08-28 14:00,27.1,1.4,0
수락산,2015-08-28 15:00,25.6,1.1,0
수락산,2015-08-28 16:00,25.1,1.7,0
수락산,2015-08-28 17:00,24.1,1.5,0
수락산,2015-08-28 18:00,23.6,1.6,0
수락산,2015-08-28 19:00,22.8,0.5,0
수락산,2015-08-28 20:00,21.9,0,0
수락산,2015-08-28 21:00,21.4,0.6,0
수락산,2015-08-28 22:00,20.4,0,0
수락산,2015-08-28 23:00,19.6,0,0
수락산,2015-08-29 0:00,18.9,0,0
수락산,2015-08-29 1:00,18.3,0.5,0
수락산,2015-08-29 2:00,17.8,0,0
수락산,2015-08-29 3:00,17.4,0,0
수락산,2015-08-29 4:00,17,0,0
수락산,2015-08-29 5:00,16.7,0,0
수락산,2015-08-29 6:00,16.6,0,0
수락산,2015-08-29 7:00,16.5,0.8,0
수락산,2015-08-29 8:00,19.5,0.8,0
수락산,2015-08-29 9:00,21.7,0.8,0
수락산,2015-08-29 10:00,24.4,1.8,0
수락산,2015-08-29 11:00,25.7,1.7,0
수락산,2015-08-29 12:00,26.5,1.9,0
수락산,2015-08-29 13:00,27.3,1.9,0
수락산,2015-08-29 14:00,26.8,1.3,0
수락산,2015-08-29 15:00,27.5,0.6,0
수락산,2015-08-29 16:00,28.6,1.2,0
수락산,2015-08-29 17:00,28.7,1.4,0
수락산,2015-08-29 18:00,26.9,1.6,0
수락산,2015-08-29 19:00,25.3,1.5,0
수락산,2015-08-29 20:00,24.1,1.4,0
수락산,2015-08-29 21:00,22,0.2,0
수락산,2015-08-29 22:00,21.6,0,0
수락산,2015-08-29 23:00,20.6,0,0
수락산,2015-08-30 0:00,20.3,0.1,0
수락산,2015-08-30 1:00,19.7,0,0
수락산,2015-08-30 2:00,19,1,0
수락산,2015-08-30 3:00,18.6,0,0
수락산,2015-08-30 4:00,18.3,0.1,0
수락산,2015-08-30 5:00,18.1,0.6,0
수락산,2015-08-30 6:00,17.8,0,0
수락산,2015-08-30 7:00,18.3,0,0
수락산,2015-08-30 8:00,20.6,1.1,0
수락산,2015-08-30 9:00,23,0.4,0
수락산,2015-08-30 10:00,25,0.9,0
수락산,2015-08-30 11:00,26.4,0.8,0
수락산,2015-08-30 12:00,27.4,1.3,0
수락산,2015-08-30 13:00,28.2,0.7,0
수락산,2015-08-30 14:00,28.9,1.2,0
수락산,2015-08-30 15:00,28.5,1.2,0
수락산,2015-08-30 16:00,28.1,1.3,0
수락산,2015-08-30 17:00,27.5,1.3,0
수락산,2015-08-30 18:00,25.6,1.2,0
수락산,2015-08-30 19:00,25.2,1.3,0
수락산,2015-08-30 20:00,24.1,1.7,0
수락산,2015-08-30 21:00,22.8,0.2,0
수락산,2015-08-30 22:00,22.2,0.2,0
수락산,2015-08-30 23:00,21.2,0,0
수락산,2015-08-31 0:00,20.9,0,0
수락산,2015-08-31 1:00,20.5,0,0
수락산,2015-08-31 2:00,20,0,0
수락산,2015-08-31 3:00,19.6,0,0
수락산,2015-08-31 4:00,19.4,0,0
수락산,2015-08-31 5:00,19,0.6,0
수락산,2015-08-31 6:00,18.7,0,0
수락산,2015-08-31 7:00,19.3,0.5,0
수락산,2015-08-31 8:00,21.6,0.1,0
수락산,2015-08-31 9:00,24,0.2,0
수락산,2015-08-31 10:00,25.4,1.2,0
수락산,2015-08-31 11:00,27.2,1.1,0
수락산,2015-08-31 12:00,27.8,1.8,0
수락산,2015-08-31 13:00,29,1,0
수락산,2015-08-31 14:00,29.6,1.9,0
수락산,2015-08-31 15:00,29.7,1.2,0
수락산,2015-08-31 16:00,28.5,1.7,0
수락산,2015-08-31 17:00,27.4,0.6,0
수락산,2015-08-31 18:00,25.9,0,0
수락산,2015-08-31 19:00,24.4,0.8,0
수락산,2015-08-31 20:00,23.5,0.7,0
수락산,2015-08-31 21:00,22.9,0.4,0
수락산,2015-08-31 22:00,24.4,0.8,0
수락산,2015-08-31 23:00,23.4,0.8,0
수락산,2015-09-01 0:00,22.4,0,0
수락산,2015-09-01 1:00,21.5,0.9,0
수락산,2015-09-01 2:00,21.4,1.1,0
수락산,2015-09-01 3:00,20.7,0.1,0
수락산,2015-09-01 4:00,21.9,1.2,0
수락산,2015-09-01 5:00,20.9,0.5,0
수락산,2015-09-01 6:00,20.7,0.6,0
수락산,2015-09-01 7:00,20.5,0,0
수락산,2015-09-01 8:00,21.5,0.9,0
수락산,2015-09-01 9:00,22.6,0.7,0
수락산,2015-09-01 10:00,25.1,1.1,0
수락산,2015-09-01 11:00,25.2,2.2,0
수락산,2015-09-01 12:00,27.2,2.1,0
수락산,2015-09-01 13:00,28.1,1.9,0
수락산,2015-09-01 14:00,29.2,2.3,0
수락산,2015-09-01 15:00,28.2,3.2,0
수락산,2015-09-01 16:00,27.4,2.2,0
수락산,2015-09-01 17:00,27.3,3,0
수락산,2015-09-01 18:00,26.7,2.1,0
수락산,2015-09-01 19:00,25.9,1.8,0
수락산,2015-09-01 20:00,24.9,1.7,0
수락산,2015-09-01 21:00,24,1.6,0
수락산,2015-09-01 22:00,21.8,1.1,0
수락산,2015-09-01 23:00,21.4,0,0
수락산,2015-09-02 0:00,21.5,0,0
수락산,2015-09-02 1:00,21.7,0.7,0
수락산,2015-09-02 2:00,21.6,0.4,0
수락산,2015-09-02 3:00,22.3,0.9,0
수락산,2015-09-02 4:00,22.3,1.1,0
수락산,2015-09-02 5:00,22.2,0.7,0
수락산,2015-09-02 6:00,22.2,1.6,0
수락산,2015-09-02 7:00,22.2,2.3,0
수락산,2015-09-02 8:00,22.5,1.6,0
수락산,2015-09-02 9:00,23.6,1.6,0
수락산,2015-09-02 10:00,24.2,1.7,0
수락산,2015-09-02 11:00,25.2,2.5,0
수락산,2015-09-02 12:00,26.1,2.5,0
수락산,2015-09-02 13:00,25.7,2.2,0
수락산,2015-09-02 14:00,23.3,1.7,1
수락산,2015-09-02 15:00,20.6,0.7,11
수락산,2015-09-02 16:00,22.3,0.3,0.5
수락산,2015-09-02 17:00,21.7,0.4,0
수락산,2015-09-02 18:00,21.9,0.3,0
수락산,2015-09-02 19:00,20.9,0.5,0
수락산,2015-09-02 20:00,20.9,0.4,0
수락산,2015-09-02 21:00,20.4,0.4,0
수락산,2015-09-02 22:00,20.3,0.5,0
수락산,2015-09-02 23:00,20.5,0.3,0
수락산,2015-09-03 0:00,20.4,0.8,0
수락산,2015-09-03 1:00,20.3,0,0
수락산,2015-09-03 2:00,20.1,1.1,0.5
수락산,2015-09-03 3:00,20,0.8,0
수락산,2015-09-03 4:00,19.9,0.4,0
수락산,2015-09-03 5:00,19.7,0.7,0
수락산,2015-09-03 6:00,19.5,0.6,0
수락산,2015-09-03 7:00,19.9,0,0
수락산,2015-09-03 8:00,21,0.5,0
수락산,2015-09-03 9:00,21.8,1,0
수락산,2015-09-03 10:00,23.5,0.8,0
수락산,2015-09-03 11:00,24.4,1.4,0
수락산,2015-09-03 12:00,24.3,2.1,0
수락산,2015-09-03 13:00,26.4,2.7,0
수락산,2015-09-03 14:00,25.2,1.7,0
수락산,2015-09-03 15:00,27.3,2,0
수락산,2015-09-03 16:00,26.9,2.9,0
수락산,2015-09-03 17:00,26.9,2.4,0
수락산,2015-09-03 18:00,25.7,1.3,0
수락산,2015-09-03 19:00,24.4,1.2,0
수락산,2015-09-03 20:00,23.1,0.3,0
수락산,2015-09-03 21:00,22.8,0.9,0
수락산,2015-09-03 22:00,21.9,0.7,0
수락산,2015-09-03 23:00,20.9,0.5,0
수락산,2015-09-04 0:00,20.5,0.7,0
수락산,2015-09-04 1:00,19.9,0.8,0
수락산,2015-09-04 2:00,19.7,0,0
수락산,2015-09-04 3:00,19.5,0,0
수락산,2015-09-04 4:00,19.1,0,0
수락산,2015-09-04 5:00,18.7,0,0
수락산,2015-09-04 6:00,18.5,0,0
수락산,2015-09-04 7:00,19.2,0,0
수락산,2015-09-04 8:00,20.7,0,0
수락산,2015-09-04 9:00,22.4,0.2,0
수락산,2015-09-04 10:00,24.6,1,0
수락산,2015-09-04 11:00,26.6,1.3,0
수락산,2015-09-04 12:00,27.2,1.8,0
수락산,2015-09-04 13:00,26.5,0.2,0
수락산,2015-09-04 14:00,27.2,0.9,0
수락산,2015-09-04 15:00,27.8,0,0
수락산,2015-09-04 16:00,28,0.8,0
수락산,2015-09-04 17:00,28,1.2,0
수락산,2015-09-04 18:00,26.8,1.4,0
수락산,2015-09-04 19:00,25.4,2,0
수락산,2015-09-04 20:00,24.5,1.9,0
수락산,2015-09-04 21:00,22.8,0.7,0
수락산,2015-09-04 22:00,21.9,1.1,0
수락산,2015-09-04 23:00,21.6,1.1,0
수락산,2015-09-05 0:00,20.8,0,0
수락산,2015-09-05 1:00,20.8,0.4,0
수락산,2015-09-05 2:00,20.6,0.8,0
수락산,2015-09-05 3:00,20.3,0.9,0
수락산,2015-09-05 4:00,20.5,0.6,0
수락산,2015-09-05 5:00,20.2,0,0
수락산,2015-09-05 6:00,20.5,0.9,0
수락산,2015-09-05 7:00,21,0.7,0
수락산,2015-09-05 8:00,22.5,0.9,0
수락산,2015-09-05 9:00,23.8,0.7,0
수락산,2015-09-05 10:00,22.8,1,0
수락산,2015-09-05 11:00,19.8,0.5,2
수락산,2015-09-05 12:00,19.6,0.9,0
수락산,2015-09-05 13:00,19.8,0.8,0.5
수락산,2015-09-05 14:00,20,1.8,0
수락산,2015-09-05 15:00,20.5,1.1,0
수락산,2015-09-05 16:00,20.4,0,0
수락산,2015-09-05 17:00,20.8,1.6,0.5
수락산,2015-09-05 18:00,20.8,0.6,0
수락산,2015-09-05 19:00,20.6,1.2,0
수락산,2015-09-05 20:00,20.1,1,0
수락산,2015-09-05 21:00,19.9,0.2,0
수락산,2015-09-05 22:00,19.4,0.2,0
수락산,2015-09-05 23:00,19.8,0.4,0
수락산,2015-09-06 0:00,19.2,0,0
수락산,2015-09-06 1:00,19.1,0.4,0
수락산,2015-09-06 2:00,18.6,0,0
수락산,2015-09-06 3:00,18.6,0.3,0
수락산,2015-09-06 4:00,18.5,0.3,0
수락산,2015-09-06 5:00,18.6,0.2,0
수락산,2015-09-06 6:00,18.4,1.1,0
수락산,2015-09-06 7:00,18.7,0.9,0
수락산,2015-09-06 8:00,19.3,0.1,0
수락산,2015-09-06 9:00,19.7,1.1,0
수락산,2015-09-06 10:00,21,1.8,0
수락산,2015-09-06 11:00,22.2,1,0
수락산,2015-09-06 12:00,23.7,1.8,0
수락산,2015-09-06 13:00,24.3,1.7,0
수락산,2015-09-06 14:00,26.1,2,0
수락산,2015-09-06 15:00,24.1,1.5,0
수락산,2015-09-06 16:00,23.4,1.1,0
수락산,2015-09-06 17:00,23.2,1.7,0
수락산,2015-09-06 18:00,22.6,1.5,0
수락산,2015-09-06 19:00,21.4,1.8,0
수락산,2015-09-06 20:00,20.5,1,0
수락산,2015-09-06 21:00,20,1.5,0
수락산,2015-09-06 22:00,17.9,0.6,0
수락산,2015-09-06 23:00,16.7,0.7,0
수락산,2015-09-07 0:00,15.9,0,0
수락산,2015-09-07 1:00,15.6,0,0
수락산,2015-09-07 2:00,15.1,0,0
수락산,2015-09-07 3:00,14.8,0,0
수락산,2015-09-07 4:00,14.3,0,0
수락산,2015-09-07 5:00,14,0,0
수락산,2015-09-07 6:00,13.8,0,0
수락산,2015-09-07 7:00,15.1,0,0
수락산,2015-09-07 8:00,17.3,0.8,0
수락산,2015-09-07 9:00,20.5,1.5,0
수락산,2015-09-07 10:00,23,1.5,0
수락산,2015-09-07 11:00,24.1,2.2,0
수락산,2015-09-07 12:00,25.3,2.7,0
수락산,2015-09-07 13:00,26.2,2,0
수락산,2015-09-07 14:00,24.8,1.5,0
수락산,2015-09-07 15:00,26.4,2.4,0
수락산,2015-09-07 16:00,27.8,0.6,0
수락산,2015-09-07 17:00,25.7,1.3,0
수락산,2015-09-07 18:00,23.4,1,0
수락산,2015-09-07 19:00,21.3,0.8,0
수락산,2015-09-07 20:00,19.7,0.3,0
수락산,2015-09-07 21:00,18.8,0.1,0
수락산,2015-09-07 22:00,18.4,0,0
수락산,2015-09-07 23:00,17.6,0,0
수락산,2015-09-08 0:00,16.7,0,0
수락산,2015-09-08 1:00,16.1,0.3,0
수락산,2015-09-08 2:00,15.3,0,0
수락산,2015-09-08 3:00,14.6,0,0
수락산,2015-09-08 4:00,14.7,0,0
수락산,2015-09-08 5:00,13.6,0,0
수락산,2015-09-08 6:00,13.7,0,0
수락산,2015-09-08 7:00,14.7,0,0
수락산,2015-09-08 8:00,17.8,0.9,0
수락산,2015-09-08 9:00,19.3,0.7,0
수락산,2015-09-08 10:00,21.9,1.6,0
수락산,2015-09-08 11:00,24.3,1.4,0
수락산,2015-09-08 12:00,25.8,2.3,0
수락산,2015-09-08 13:00,26.9,1.1,0
수락산,2015-09-08 14:00,27.4,1.4,0
수락산,2015-09-08 15:00,28.2,1.9,0
수락산,2015-09-08 16:00,27.9,2.2,0
수락산,2015-09-08 17:00,27.7,1.8,0
수락산,2015-09-08 18:00,26.1,1.9,0
수락산,2015-09-08 19:00,24.5,2.6,0
수락산,2015-09-08 20:00,22.2,1.9,0
수락산,2015-09-08 21:00,20.3,1.4,0
수락산,2015-09-08 22:00,18.4,0.7,0
수락산,2015-09-08 23:00,16.9,0.6,0
수락산,2015-09-09 0:00,16.8,1,0
수락산,2015-09-09 1:00,14.5,0.5,0
수락산,2015-09-09 2:00,15.1,0.8,0
수락산,2015-09-09 3:00,13.7,0,0
수락산,2015-09-09 4:00,13.2,0,0
수락산,2015-09-09 5:00,13.1,0.9,0
수락산,2015-09-09 6:00,11.9,0,0
수락산,2015-09-09 7:00,13.8,0,0
수락산,2015-09-09 8:00,16.4,0.5,0
수락산,2015-09-09 9:00,19.2,1.3,0
수락산,2015-09-09 10:00,22.1,1.1,0
수락산,2015-09-09 11:00,24.1,2.1,0
수락산,2015-09-09 12:00,26.5,1.9,0
수락산,2015-09-09 13:00,27.3,2.5,0
수락산,2015-09-09 14:00,27.3,2.1,0
수락산,2015-09-09 15:00,27.9,2.4,0
수락산,2015-09-09 16:00,27.6,2.4,0
수락산,2015-09-09 17:00,26.4,2.9,0
수락산,2015-09-09 18:00,24.9,2,0
수락산,2015-09-09 19:00,22.8,1.4,0
수락산,2015-09-09 20:00,21.1,1.3,0
수락산,2015-09-09 21:00,20.3,1,0
수락산,2015-09-09 22:00,19.1,0.8,0
수락산,2015-09-09 23:00,17.3,0.4,0
수락산,2015-09-10 0:00,16.5,0,0
수락산,2015-09-10 1:00,15.9,0.1,0
수락산,2015-09-10 2:00,15.1,0,0
수락산,2015-09-10 3:00,15.4,0,0
수락산,2015-09-10 4:00,15.1,0,0
수락산,2015-09-10 5:00,14.3,1,0
수락산,2015-09-10 6:00,13.8,0,0
수락산,2015-09-10 7:00,14.6,0,0
수락산,2015-09-10 8:00,17.6,0,0
수락산,2015-09-10 9:00,19.8,0.7,0
수락산,2015-09-10 10:00,21.7,0.6,0
수락산,2015-09-10 11:00,23.2,,0
수락산,2015-09-10 12:00,25.5,2.1,0
수락산,2015-09-10 13:00,25.7,2.3,0
수락산,2015-09-10 14:00,25.9,1.7,0
수락산,2015-09-10 15:00,26.8,1.3,0
수락산,2015-09-10 16:00,26.6,3.2,0
수락산,2015-09-10 17:00,25.9,1.4,0
수락산,2015-09-10 18:00,24.2,1.3,0
수락산,2015-09-10 19:00,23.2,1.5,0
수락산,2015-09-10 20:00,22.3,1.1,0
수락산,2015-09-10 21:00,20,0.5,0
수락산,2015-09-10 22:00,19.7,1,0
수락산,2015-09-10 23:00,19.1,0.9,0
수락산,2015-09-11 0:00,19.2,0.8,0
수락산,2015-09-11 1:00,18.2,0.7,0
수락산,2015-09-11 2:00,17.9,0,0
수락산,2015-09-11 3:00,17.7,0.4,0
수락산,2015-09-11 4:00,17.9,0.7,0
수락산,2015-09-11 5:00,18.5,0,0
수락산,2015-09-11 6:00,19.1,1.4,0
수락산,2015-09-11 7:00,19.5,0.1,0
수락산,2015-09-11 8:00,20.9,0.9,0
수락산,2015-09-11 9:00,22.5,1.4,0
수락산,2015-09-11 10:00,24.1,1.4,0
수락산,2015-09-11 11:00,24.2,0.9,0
수락산,2015-09-11 12:00,24,1.5,0
수락산,2015-09-11 13:00,22.9,2.1,0
수락산,2015-09-11 14:00,22.3,1.9,0
수락산,2015-09-11 15:00,22.2,1.8,0
수락산,2015-09-11 16:00,22.4,1.3,0
수락산,2015-09-11 17:00,21.4,1.4,0
수락산,2015-09-11 18:00,20.9,1.8,0
수락산,2015-09-11 19:00,20.2,1.5,0
수락산,2015-09-11 20:00,18.6,1.3,0
수락산,2015-09-11 21:00,16.5,1.1,0
수락산,2015-09-11 22:00,16,0.9,0.5
수락산,2015-09-11 23:00,16,0.2,0
수락산,2015-09-12 0:00,16.1,0.9,0
수락산,2015-09-12 1:00,16.1,0,0
수락산,2015-09-12 2:00,15.9,0.2,0
수락산,2015-09-12 3:00,15.2,0.8,0
수락산,2015-09-12 4:00,14.9,0,0
수락산,2015-09-12 5:00,14.4,0.7,0
수락산,2015-09-12 6:00,13.9,0.1,0
수락산,2015-09-12 7:00,14,0,0
수락산,2015-09-12 8:00,15.5,0.3,0
수락산,2015-09-12 9:00,17.6,0.1,0
수락산,2015-09-12 10:00,18.6,0.8,0
수락산,2015-09-12 11:00,19.6,0.2,0
수락산,2015-09-12 12:00,20.1,1.1,0
수락산,2015-09-12 13:00,20.8,1.1,0
수락산,2015-09-12 14:00,21.4,1,0
수락산,2015-09-12 15:00,22.1,1.4,0
수락산,2015-09-12 16:00,22.6,1.5,0
수락산,2015-09-12 17:00,21.6,1,0
수락산,2015-09-12 18:00,20.1,1.4,0
수락산,2015-09-12 19:00,19.5,1.6,0
수락산,2015-09-12 20:00,17.6,1.2,0
수락산,2015-09-12 21:00,18,0.6,0
수락산,2015-09-12 22:00,17.3,0.2,0
수락산,2015-09-12 23:00,17.8,1,0
수락산,2015-09-13 0:00,16.2,0.5,0
수락산,2015-09-13 1:00,15,0,0
수락산,2015-09-13 2:00,13.5,0.1,0
수락산,2015-09-13 3:00,12.8,0,0
수락산,2015-09-13 4:00,12.3,0.4,0
수락산,2015-09-13 5:00,11.5,0.8,0
수락산,2015-09-13 6:00,11.2,0,0
수락산,2015-09-13 7:00,11.7,0.9,0
수락산,2015-09-13 8:00,15.5,0.1,0
수락산,2015-09-13 9:00,18.3,1,0
수락산,2015-09-13 10:00,20.2,2.3,0
수락산,2015-09-13 11:00,21,2.3,0
수락산,2015-09-13 12:00,22.3,2.2,0
수락산,2015-09-13 13:00,22.5,2.1,0
수락산,2015-09-13 14:00,23.4,1.8,0
수락산,2015-09-13 15:00,23.8,1.8,0
수락산,2015-09-13 16:00,23.9,1.7,0
수락산,2015-09-13 17:00,22.9,1.3,0
수락산,2015-09-13 18:00,22.1,2.1,0
수락산,2015-09-13 19:00,20.9,1.6,0
수락산,2015-09-13 20:00,19.4,1.2,0
수락산,2015-09-13 21:00,18.7,1.3,0
수락산,2015-09-13 22:00,17.5,0.5,0
수락산,2015-09-13 23:00,16.8,0.7,0
수락산,2015-09-14 0:00,17.4,0.3,0
수락산,2015-09-14 1:00,16.2,0,0
수락산,2015-09-14 2:00,15.5,0,0
수락산,2015-09-14 3:00,14.8,0.3,0
수락산,2015-09-14 4:00,14.5,0,0
수락산,2015-09-14 5:00,14.3,0.7,0
수락산,2015-09-14 6:00,14.2,0.9,0
수락산,2015-09-14 7:00,14.6,0,0
수락산,2015-09-14 8:00,16.9,0.3,0
수락산,2015-09-14 9:00,19.7,1.1,0
수락산,2015-09-14 10:00,21.9,1.9,0
수락산,2015-09-14 11:00,22.8,1,0
수락산,2015-09-14 12:00,24.6,1.2,0
수락산,2015-09-14 13:00,25.7,1.1,0
수락산,2015-09-14 14:00,26.2,0.8,0
수락산,2015-09-14 15:00,25.7,0.6,0
수락산,2015-09-14 16:00,25.8,0.7,0
수락산,2015-09-14 17:00,25.7,1.1,0
수락산,2015-09-14 18:00,24.1,0.5,0
수락산,2015-09-14 19:00,22.2,0.8,0
수락산,2015-09-14 20:00,20.5,0.9,0
수락산,2015-09-14 21:00,19.4,0,0
수락산,2015-09-14 22:00,18.3,0,0
수락산,2015-09-14 23:00,17.8,0,0
수락산,2015-09-15 0:00,17.4,0,0
수락산,2015-09-15 1:00,16.7,0.9,0
수락산,2015-09-15 2:00,16.5,0.1,0
수락산,2015-09-15 3:00,15.9,0.4,0
수락산,2015-09-15 4:00,15.2,0.4,0
수락산,2015-09-15 5:00,14.9,0.4,0
수락산,2015-09-15 6:00,14.5,0.8,0
수락산,2015-09-15 7:00,14.9,0.2,0
수락산,2015-09-15 8:00,18.1,0.7,0
수락산,2015-09-15 9:00,20.5,0.2,0
수락산,2015-09-15 10:00,21.6,0.6,0
수락산,2015-09-15 11:00,24,1,0
수락산,2015-09-15 12:00,25.2,2,0
수락산,2015-09-15 13:00,26.4,1.5,0
수락산,2015-09-15 14:00,27.2,1.8,0
수락산,2015-09-15 15:00,27.1,3,0
수락산,2015-09-15 16:00,27.1,2.1,0
수락산,2015-09-15 17:00,26.8,1.6,0
수락산,2015-09-15 18:00,23.6,1.1,0
수락산,2015-09-15 19:00,21.3,0.7,0
수락산,2015-09-15 20:00,20.7,0.2,0
수락산,2015-09-15 21:00,20.2,0.3,0
수락산,2015-09-15 22:00,19,1,0
수락산,2015-09-15 23:00,17.8,0.1,0
수락산,2015-09-16 0:00,17.1,1,0
수락산,2015-09-16 1:00,16.5,0.9,0
수락산,2015-09-16 2:00,14.8,0.8,0
수락산,2015-09-16 3:00,14.1,1,0
수락산,2015-09-16 4:00,13.7,0.7,0
수락산,2015-09-16 5:00,13.1,0,0
수락산,2015-09-16 6:00,12.5,0.3,0
수락산,2015-09-16 7:00,12.8,0.4,0
수락산,2015-09-16 8:00,16.4,0.7,0
수락산,2015-09-16 9:00,18.9,1,0
수락산,2015-09-16 10:00,20.6,1.6,0
수락산,2015-09-16 11:00,22.2,2.4,0
수락산,2015-09-16 12:00,22.8,2.2,0
수락산,2015-09-16 13:00,24,2.1,0
수락산,2015-09-16 14:00,24.5,2.3,0
수락산,2015-09-16 15:00,25.5,1.3,0
수락산,2015-09-16 16:00,24.8,1.4,0
수락산,2015-09-16 17:00,24.2,1.1,0
수락산,2015-09-16 18:00,21.7,0.8,0
수락산,2015-09-16 19:00,20.6,0,0
수락산,2015-09-16 20:00,18.7,0.8,0
수락산,2015-09-16 21:00,17.5,0.5,0
수락산,2015-09-16 22:00,18.2,1.3,0
수락산,2015-09-16 23:00,17.2,0.1,0
수락산,2015-09-17 0:00,16.5,0.4,0
수락산,2015-09-17 1:00,15.8,0.6,0
수락산,2015-09-17 2:00,15.1,0.3,0
수락산,2015-09-17 3:00,15,0,0
수락산,2015-09-17 4:00,15.7,0.2,0
수락산,2015-09-17 5:00,15,0.5,0
수락산,2015-09-17 6:00,13.5,0,0
수락산,2015-09-17 7:00,13.1,0,0
수락산,2015-09-17 8:00,16.4,0.3,0
수락산,2015-09-17 9:00,19.3,2.3,0
수락산,2015-09-17 10:00,21.9,1.1,0
수락산,2015-09-17 11:00,23.7,2.1,0
수락산,2015-09-17 12:00,23.6,2.9,0
수락산,2015-09-17 13:00,25.1,2,0
수락산,2015-09-17 14:00,25.4,3.6,0
수락산,2015-09-17 15:00,26,2.1,0
수락산,2015-09-17 16:00,25.8,2.7,0
수락산,2015-09-17 17:00,25.2,2.4,0
수락산,2015-09-17 18:00,23.1,2.8,0
수락산,2015-09-17 19:00,21.8,2.1,0
수락산,2015-09-17 20:00,18.5,0.1,0
수락산,2015-09-17 21:00,17.9,0.4,0
수락산,2015-09-17 22:00,16.7,0.2,0
수락산,2015-09-17 23:00,15,0.5,0
수락산,2015-09-18 0:00,14.4,0.2,0
수락산,2015-09-18 1:00,13.8,0.1,0
수락산,2015-09-18 2:00,13.1,0,0
수락산,2015-09-18 3:00,12.6,0,0
수락산,2015-09-18 4:00,12.8,0.2,0
수락산,2015-09-18 5:00,11.9,0.6,0
수락산,2015-09-18 6:00,12.4,0,0
수락산,2015-09-18 7:00,12.6,0,0
수락산,2015-09-18 8:00,15.6,0.1,0
수락산,2015-09-18 9:00,19.2,0.6,0
수락산,2015-09-18 10:00,21.7,1.2,0
수락산,2015-09-18 11:00,22.9,1.2,0
수락산,2015-09-18 12:00,24.2,1.7,0
수락산,2015-09-18 13:00,25.3,1.3,0
수락산,2015-09-18 14:00,26.4,1.8,0
수락산,2015-09-18 15:00,26.1,1.5,0
수락산,2015-09-18 16:00,26.3,1.1,0
수락산,2015-09-18 17:00,25.6,1,0
수락산,2015-09-18 18:00,22.2,0.1,0
수락산,2015-09-18 19:00,21.3,0.3,0
수락산,2015-09-18 20:00,20,0.4,0
수락산,2015-09-18 21:00,18.8,0.3,0
수락산,2015-09-18 22:00,18,0.1,0
수락산,2015-09-18 23:00,17.4,0,0
수락산,2015-09-19 0:00,16.9,0,0
수락산,2015-09-19 1:00,16.2,0,0
수락산,2015-09-19 2:00,15.6,0,0
수락산,2015-09-19 3:00,15.2,0,0
수락산,2015-09-19 4:00,15.1,0.1,0
수락산,2015-09-19 5:00,14.3,0,0
수락산,2015-09-19 6:00,13.9,0,0
수락산,2015-09-19 7:00,14.2,0,0
수락산,2015-09-19 8:00,17.3,0,0
수락산,2015-09-19 9:00,19.6,0.4,0
수락산,2015-09-19 10:00,22,0.9,0
수락산,2015-09-19 11:00,24.4,1.1,0
수락산,2015-09-19 12:00,24.5,2,0
수락산,2015-09-19 13:00,26.2,2,0
수락산,2015-09-19 14:00,26,2,0
수락산,2015-09-19 15:00,26.7,1.7,0
수락산,2015-09-19 16:00,26.7,2,0
수락산,2015-09-19 17:00,26.2,1.7,0
수락산,2015-09-19 18:00,23.8,2.4,0
수락산,2015-09-19 19:00,22.7,2,0
수락산,2015-09-19 20:00,21.2,1.8,0
수락산,2015-09-19 21:00,19.7,0.3,0
수락산,2015-09-19 22:00,18.4,0.1,0
수락산,2015-09-19 23:00,17.6,0.6,0
수락산,2015-09-20 0:00,17.2,0,0
수락산,2015-09-20 1:00,16.5,0,0
수락산,2015-09-20 2:00,16,0,0
수락산,2015-09-20 3:00,15.8,0,0
수락산,2015-09-20 4:00,15.5,0,0
수락산,2015-09-20 5:00,15,0,0
수락산,2015-09-20 6:00,14.8,0,0
수락산,2015-09-20 7:00,15.3,0,0
수락산,2015-09-20 8:00,17.3,0,0
수락산,2015-09-20 9:00,18.2,1.3,0
수락산,2015-09-20 10:00,20.3,1.9,0
수락산,2015-09-20 11:00,22.5,1.2,0
수락산,2015-09-20 12:00,23.6,1.6,0
수락산,2015-09-20 13:00,25,2,0
수락산,2015-09-20 14:00,24.4,0.7,0
수락산,2015-09-20 15:00,26.2,0.7,0
수락산,2015-09-20 16:00,25.3,2.2,0
수락산,2015-09-20 17:00,24.6,1.3,0
수락산,2015-09-20 18:00,22.9,1.1,0
수락산,2015-09-20 19:00,21.4,0,0
수락산,2015-09-20 20:00,19.5,0.8,0
수락산,2015-09-20 21:00,18.6,0.7,0
수락산,2015-09-20 22:00,17.7,0.9,0
수락산,2015-09-20 23:00,17.4,0.2,0
수락산,2015-09-21 0:00,16.6,0.8,0
수락산,2015-09-21 1:00,16,0.6,0
수락산,2015-09-21 2:00,15.8,0,0
수락산,2015-09-21 3:00,15.4,0,0
수락산,2015-09-21 4:00,15.1,0,0
수락산,2015-09-21 5:00,14.5,0,0
수락산,2015-09-21 6:00,14.4,0,0
수락산,2015-09-21 7:00,14.6,0,0
수락산,2015-09-21 8:00,16.5,0.1,0
수락산,2015-09-21 9:00,19.2,0.4,0
수락산,2015-09-21 10:00,22.1,1,0
수락산,2015-09-21 11:00,23.6,1.3,0
수락산,2015-09-21 12:00,25.6,1.5,0
수락산,2015-09-21 13:00,26.7,1.4,0
수락산,2015-09-21 14:00,27.1,1,0
수락산,2015-09-21 15:00,27.2,1.9,0
수락산,2015-09-21 16:00,27.3,1.6,0
수락산,2015-09-21 17:00,26.3,2,0
수락산,2015-09-21 18:00,23,0.4,0
수락산,2015-09-21 19:00,21.6,0,0
수락산,2015-09-21 20:00,20.2,0.1,0
수락산,2015-09-21 21:00,18.7,1.1,0
수락산,2015-09-21 22:00,17.8,0.7,0
수락산,2015-09-21 23:00,17.2,0.7,0
수락산,2015-09-22 0:00,16.6,0,0
수락산,2015-09-22 1:00,16.4,0,0
수락산,2015-09-22 2:00,15.3,0,0
수락산,2015-09-22 3:00,14.8,1,0
수락산,2015-09-22 4:00,14.4,0.8,0
수락산,2015-09-22 5:00,14.2,0,0
수락산,2015-09-22 6:00,14.1,0,0
수락산,2015-09-22 7:00,14.3,0,0
수락산,2015-09-22 8:00,17.2,0,0
수락산,2015-09-22 9:00,20.1,0.5,0
수락산,2015-09-22 10:00,23.5,1.4,0
수락산,2015-09-22 11:00,25.6,2.3,0
수락산,2015-09-22 12:00,26.8,1.5,0
수락산,2015-09-22 13:00,27.8,2.2,0
수락산,2015-09-22 14:00,28.4,1.9,0
수락산,2015-09-22 15:00,28.6,2.3,0
수락산,2015-09-22 16:00,28.3,2.3,0
수락산,2015-09-22 17:00,27.3,1.8,0
수락산,2015-09-22 18:00,24.6,0.7,0
수락산,2015-09-22 19:00,21.9,0.7,0
수락산,2015-09-22 20:00,21.6,0.5,0
수락산,2015-09-22 21:00,19.8,0.2,0
수락산,2015-09-22 22:00,19.5,0.1,0
수락산,2015-09-22 23:00,18.2,0,0
수락산,2015-09-23 0:00,17.6,0.3,0
수락산,2015-09-23 1:00,16.4,0.7,0
수락산,2015-09-23 2:00,16.8,0.6,0
수락산,2015-09-23 3:00,16.2,0,0
수락산,2015-09-23 4:00,15.9,0.9,0
수락산,2015-09-23 5:00,15.9,0.6,0
수락산,2015-09-23 6:00,16,0,0
수락산,2015-09-23 7:00,16.1,0.6,0
수락산,2015-09-23 8:00,17.7,0.9,0
수락산,2015-09-23 9:00,20.9,0.7,0
수락산,2015-09-23 10:00,22,0.5,0
수락산,2015-09-23 11:00,23,1.6,0
수락산,2015-09-23 12:00,25.6,2.2,0
수락산,2015-09-23 13:00,24.7,1.8,0
수락산,2015-09-23 14:00,24.4,0.4,0
수락산,2015-09-23 15:00,23.8,0.6,0
수락산,2015-09-23 16:00,23.1,0.2,0
수락산,2015-09-23 17:00,23.1,0.6,0
수락산,2015-09-23 18:00,22.4,0.8,0
수락산,2015-09-23 19:00,21.2,0.8,0
수락산,2015-09-23 20:00,20.9,0.9,0
수락산,2015-09-23 21:00,18.7,0.4,0
수락산,2015-09-23 22:00,17.7,0.5,0
수락산,2015-09-23 23:00,17.2,0,0
수락산,2015-09-24 0:00,16.6,0,0
수락산,2015-09-24 1:00,16.2,0,0
수락산,2015-09-24 2:00,15.8,0,0
수락산,2015-09-24 3:00,15.5,0,0
수락산,2015-09-24 4:00,16.2,0.9,0
수락산,2015-09-24 5:00,15.8,0,0
수락산,2015-09-24 6:00,15.5,0,0
수락산,2015-09-24 7:00,16.2,0.9,0
수락산,2015-09-24 8:00,18.6,0.4,0
수락산,2015-09-24 9:00,21.5,0.7,0
수락산,2015-09-24 10:00,23.1,1.2,0
수락산,2015-09-24 11:00,24.7,1.4,0
수락산,2015-09-24 12:00,25.9,1.2,0
수락산,2015-09-24 13:00,27.1,1.3,0
수락산,2015-09-24 14:00,28,1.7,0
수락산,2015-09-24 15:00,28.3,2.4,0
수락산,2015-09-24 16:00,28.2,1,0
수락산,2015-09-24 17:00,27.6,0.8,0
수락산,2015-09-24 18:00,25.6,1.3,0
수락산,2015-09-24 19:00,23.2,0,0
수락산,2015-09-24 20:00,21.7,0.5,0
수락산,2015-09-24 21:00,20.5,0.1,0
수락산,2015-09-24 22:00,19.8,0.1,0
수락산,2015-09-24 23:00,18.8,1,0
수락산,2015-09-25 0:00,18.1,0.3,0
수락산,2015-09-25 1:00,17.3,0.3,0
수락산,2015-09-25 2:00,16.6,0.5,0
수락산,2015-09-25 3:00,16.2,0,0
수락산,2015-09-25 4:00,16,0,0
수락산,2015-09-25 5:00,15.2,0.3,0
수락산,2015-09-25 6:00,15.2,0.7,0
수락산,2015-09-25 7:00,15.7,0.7,0
수락산,2015-09-25 8:00,18.2,0.4,0
수락산,2015-09-25 9:00,21.2,0.7,0
수락산,2015-09-25 10:00,23.1,1.1,0
수락산,2015-09-25 11:00,23.6,1.2,0
수락산,2015-09-25 12:00,25.4,0.8,0
수락산,2015-09-25 13:00,26.2,1.5,0
수락산,2015-09-25 14:00,27.1,1.6,0
수락산,2015-09-25 15:00,27.1,1.2,0
수락산,2015-09-25 16:00,26.9,1,0
수락산,2015-09-25 17:00,24.7,0.7,0
수락산,2015-09-25 18:00,24.4,2,0
수락산,2015-09-25 19:00,23,1.2,0
수락산,2015-09-25 20:00,21.7,0.4,0
수락산,2015-09-25 21:00,20.9,0.5,0
수락산,2015-09-25 22:00,19.6,0,0
수락산,2015-09-25 23:00,18.2,0,0
수락산,2015-09-26 0:00,18,0,0
수락산,2015-09-26 1:00,17.2,0.1,0
수락산,2015-09-26 2:00,16.9,0,0
수락산,2015-09-26 3:00,16.3,0,0
수락산,2015-09-26 4:00,16.2,0,0
수락산,2015-09-26 5:00,15.6,0.5,0
수락산,2015-09-26 6:00,15.5,0,0
수락산,2015-09-26 7:00,15.3,0,0
수락산,2015-09-26 8:00,17.3,0,0
수락산,2015-09-26 9:00,19.9,0.6,0
수락산,2015-09-26 10:00,21.1,0.5,0
수락산,2015-09-26 11:00,22.5,1.4,0
수락산,2015-09-26 12:00,24,1.3,0
수락산,2015-09-26 13:00,25,2.3,0
수락산,2015-09-26 14:00,25.4,2.1,0
수락산,2015-09-26 15:00,26.4,1.8,0
수락산,2015-09-26 16:00,25.9,2.3,0
수락산,2015-09-26 17:00,25.2,1.7,0
수락산,2015-09-26 18:00,22.5,0.5,0
수락산,2015-09-26 19:00,19.8,0.8,0
수락산,2015-09-26 20:00,18.2,0,0
수락산,2015-09-26 21:00,16.9,0.2,0
수락산,2015-09-26 22:00,16.1,0,0
수락산,2015-09-26 23:00,15.3,0,0
수락산,2015-09-27 0:00,14.6,0,0
수락산,2015-09-27 1:00,13.7,0,0
수락산,2015-09-27 2:00,13,0,0
수락산,2015-09-27 3:00,12.1,0,0
수락산,2015-09-27 4:00,12.1,0.2,0
수락산,2015-09-27 5:00,11.7,0,0
수락산,2015-09-27 6:00,11.4,0,0
수락산,2015-09-27 7:00,11.2,0,0
수락산,2015-09-27 8:00,14.8,0,0
수락산,2015-09-27 9:00,18.6,0,0
수락산,2015-09-27 10:00,21.6,0.5,0
수락산,2015-09-27 11:00,23.7,1.5,0
수락산,2015-09-27 12:00,25.1,0.9,0
수락산,2015-09-27 13:00,27.5,1,0
수락산,2015-09-27 14:00,27.3,1.4,0
수락산,2015-09-27 15:00,28,1.7,0
수락산,2015-09-27 16:00,27.5,2.3,0
수락산,2015-09-27 17:00,26,2.1,0
수락산,2015-09-27 18:00,22.5,0,0
수락산,2015-09-27 19:00,19.8,0,0
수락산,2015-09-27 20:00,18.2,0.6,0
수락산,2015-09-27 21:00,16.7,1.1,0
수락산,2015-09-27 22:00,15.8,0.7,0
수락산,2015-09-27 23:00,15.1,0.2,0
수락산,2015-09-28 0:00,14.1,0,0
수락산,2015-09-28 1:00,13.9,0.2,0
수락산,2015-09-28 2:00,13.2,0,0
수락산,2015-09-28 3:00,13,0,0
수락산,2015-09-28 4:00,12.4,0.6,0
수락산,2015-09-28 5:00,11.8,0,0
수락산,2015-09-28 6:00,11.8,0,0
수락산,2015-09-28 7:00,11.8,0,0
수락산,2015-09-28 8:00,15.3,0,0
수락산,2015-09-28 9:00,17.1,0.6,0
수락산,2015-09-28 10:00,20.5,0.1,0
수락산,2015-09-28 11:00,23.4,1,0
수락산,2015-09-28 12:00,24.4,0.9,0
수락산,2015-09-28 13:00,26.5,1.4,0
수락산,2015-09-28 14:00,27,1.4,0
수락산,2015-09-28 15:00,26.2,1.9,0
수락산,2015-09-28 16:00,25.2,1.9,0
수락산,2015-09-28 17:00,23.5,1.9,0
수락산,2015-09-28 18:00,22.3,1.2,0
수락산,2015-09-28 19:00,21.4,0.6,0
수락산,2015-09-28 20:00,20.7,0,0
수락산,2015-09-28 21:00,20,0.6,0
수락산,2015-09-28 22:00,18.8,0.1,0
수락산,2015-09-28 23:00,18.3,0.3,0
수락산,2015-09-29 0:00,17.3,0.4,0
수락산,2015-09-29 1:00,16.9,0.7,0
수락산,2015-09-29 2:00,15.3,0.4,0
수락산,2015-09-29 3:00,14.7,0,0
수락산,2015-09-29 4:00,14.4,0.4,0
수락산,2015-09-29 5:00,14.2,0,0
수락산,2015-09-29 6:00,13,0,0
수락산,2015-09-29 7:00,13.4,0.9,0
수락산,2015-09-29 8:00,15.8,1.2,0
수락산,2015-09-29 9:00,18.7,1,0
수락산,2015-09-29 10:00,20.8,1.1,0
수락산,2015-09-29 11:00,22.8,1.3,0
수락산,2015-09-29 12:00,24.3,2.4,0
수락산,2015-09-29 13:00,25.6,1.9,0
수락산,2015-09-29 14:00,26.3,1.8,0
수락산,2015-09-29 15:00,26.2,1.6,0
수락산,2015-09-29 16:00,25.4,1.7,0
수락산,2015-09-29 17:00,24.5,1.9,0
수락산,2015-09-29 18:00,22.4,0.6,0
수락산,2015-09-29 19:00,21.2,0.5,0
수락산,2015-09-29 20:00,20.2,0.4,0
수락산,2015-09-29 21:00,21.1,1.3,0
수락산,2015-09-29 22:00,19.8,0.3,0
수락산,2015-09-29 23:00,20.2,1.6,0
수락산,2015-09-30 0:00,18.5,0,0
수락산,2015-09-30 1:00,17.9,1.1,0
수락산,2015-09-30 2:00,19,2.7,0
수락산,2015-09-30 3:00,19.2,1.2,0
수락산,2015-09-30 4:00,19.8,3.2,0
수락산,2015-09-30 5:00,19,1.1,0
수락산,2015-09-30 6:00,18.9,1.4,0
수락산,2015-09-30 7:00,18.6,1.6,0
수락산,2015-09-30 8:00,19.4,2.5,0
수락산,2015-09-30 9:00,19.7,2.8,0
수락산,2015-09-30 10:00,20.9,2.3,0
수락산,2015-09-30 11:00,21,2.5,0
수락산,2015-09-30 12:00,21.9,2.5,0
수락산,2015-09-30 13:00,22.3,3.6,0
수락산,2015-09-30 14:00,24.2,2.4,0
수락산,2015-09-30 15:00,24.4,2.1,0
수락산,2015-09-30 16:00,23,2,0
수락산,2015-09-30 17:00,22.5,1.1,0
수락산,2015-09-30 18:00,20.9,0.8,0
수락산,2015-09-30 19:00,20.8,1.2,0
수락산,2015-09-30 20:00,18.7,0.5,0
수락산,2015-09-30 21:00,18.1,0.9,0
수락산,2015-09-30 22:00,17.9,1,0
수락산,2015-09-30 23:00,17.3,0,0
수락산,2015-10-01 0:00,16.8,1,0
수락산,2015-10-01 1:00,17.7,0.6,0
수락산,2015-10-01 2:00,18.3,2,0
수락산,2015-10-01 3:00,17.9,0.9,0
수락산,2015-10-01 4:00,17.6,0.3,0
수락산,2015-10-01 5:00,17.8,1.9,0
수락산,2015-10-01 6:00,17.6,3.5,0
수락산,2015-10-01 7:00,16.2,2,0
수락산,2015-10-01 8:00,15.8,1.3,0
수락산,2015-10-01 9:00,16.2,0.7,0
수락산,2015-10-01 10:00,15.9,2.3,4
수락산,2015-10-01 11:00,15.8,0.6,18.5
수락산,2015-10-01 12:00,16.3,1.3,14.5
수락산,2015-10-01 13:00,17.1,0.7,1
수락산,2015-10-01 14:00,17.4,0,0
수락산,2015-10-01 15:00,18,0.3,0
수락산,2015-10-01 16:00,18.3,2.1,0.5
수락산,2015-10-01 17:00,17.7,1.7,0.5
수락산,2015-10-01 18:00,17.7,2.3,0
수락산,2015-10-01 19:00,16.6,2.2,0
수락산,2015-10-01 20:00,14.9,3.8,0
수락산,2015-10-01 21:00,13.6,3.4,0
수락산,2015-10-01 22:00,12.5,2.4,0
수락산,2015-10-01 23:00,11.1,3.5,0
수락산,2015-10-02 0:00,10.7,2.8,0
수락산,2015-10-02 1:00,8.8,0.6,0
수락산,2015-10-02 2:00,8.5,0.5,0
수락산,2015-10-02 3:00,8.8,0,0
수락산,2015-10-02 4:00,6.6,0.9,0
수락산,2015-10-02 5:00,5.8,0.3,0
수락산,2015-10-02 6:00,5.5,0.3,0
수락산,2015-10-02 7:00,5.9,0.9,0
수락산,2015-10-02 8:00,9.4,1.1,0
수락산,2015-10-02 9:00,12.7,1.7,0
수락산,2015-10-02 10:00,15.6,1.8,0
수락산,2015-10-02 11:00,18.2,1.5,0
수락산,2015-10-02 12:00,20.3,3.4,0
수락산,2015-10-02 13:00,20.1,2.2,0
수락산,2015-10-02 14:00,21.3,1.9,0
수락산,2015-10-02 15:00,20.8,2.9,0
수락산,2015-10-02 16:00,20.9,2.6,0
수락산,2015-10-02 17:00,19.6,2.1,0
수락산,2015-10-02 18:00,19.1,2.3,0
수락산,2015-10-02 19:00,18.7,2.2,0
수락산,2015-10-02 20:00,18.8,3.1,0
수락산,2015-10-02 21:00,18.7,3,0
수락산,2015-10-02 22:00,18.8,2.4,0
수락산,2015-10-02 23:00,18.7,2.1,0
수락산,2015-10-03 0:00,19.1,3.2,0
수락산,2015-10-03 1:00,19,2.8,0
수락산,2015-10-03 2:00,19.1,1.9,0
수락산,2015-10-03 3:00,19.1,2.3,0
수락산,2015-10-03 4:00,19.3,2,0
수락산,2015-10-03 5:00,19.1,1.6,0
수락산,2015-10-03 6:00,19.4,1.4,0
수락산,2015-10-03 7:00,17.6,1.4,0
수락산,2015-10-03 8:00,18,0.6,0
수락산,2015-10-03 9:00,20.7,1.6,0
수락산,2015-10-03 10:00,22,1.7,0
수락산,2015-10-03 11:00,22.3,2,0
수락산,2015-10-03 12:00,22.8,3.1,0
수락산,2015-10-03 13:00,22.9,3.2,0
수락산,2015-10-03 14:00,22.8,2.9,0
수락산,2015-10-03 15:00,22.9,2.5,0
수락산,2015-10-03 16:00,22.2,2.3,0
수락산,2015-10-03 17:00,21,2,0
수락산,2015-10-03 18:00,18.4,1.4,0
수락산,2015-10-03 19:00,16.7,1.6,0
수락산,2015-10-03 20:00,15.9,1.3,0
수락산,2015-10-03 21:00,13.4,1.2,0
수락산,2015-10-03 22:00,13.3,0.9,0
수락산,2015-10-03 23:00,11.4,0.8,0
수락산,2015-10-04 0:00,11.2,0.3,0
수락산,2015-10-04 1:00,10.3,0.2,0
수락산,2015-10-04 2:00,10.5,0.7,0
수락산,2015-10-04 3:00,10.2,0.8,0
수락산,2015-10-04 4:00,9.7,0.1,0
수락산,2015-10-04 5:00,9.1,1.6,0
수락산,2015-10-04 6:00,9.2,0.1,0
수락산,2015-10-04 7:00,8.4,0.3,0
수락산,2015-10-04 8:00,11,0.3,0
수락산,2015-10-04 9:00,13.5,0.8,0
수락산,2015-10-04 10:00,16.7,0.5,0
수락산,2015-10-04 11:00,18.3,1.1,0
수락산,2015-10-04 12:00,19.6,1.3,0
수락산,2015-10-04 13:00,20.5,0.4,0
수락산,2015-10-04 14:00,20.3,1,0
수락산,2015-10-04 15:00,21.4,0.8,0
수락산,2015-10-04 16:00,20.8,1.1,0
수락산,2015-10-04 17:00,20.1,2.4,0
수락산,2015-10-04 18:00,16.9,0.5,0
수락산,2015-10-04 19:00,15.4,0.4,0
수락산,2015-10-04 20:00,14.4,0.1,0
수락산,2015-10-04 21:00,13.1,0,0
수락산,2015-10-04 22:00,11.9,0.7,0
수락산,2015-10-04 23:00,12.1,0.1,0
수락산,2015-10-05 0:00,11.1,0,0
수락산,2015-10-05 1:00,10.4,0,0
수락산,2015-10-05 2:00,9.8,0.3,0
수락산,2015-10-05 3:00,9.3,0,0
수락산,2015-10-05 4:00,8.6,0,0
수락산,2015-10-05 5:00,8.3,0,0
수락산,2015-10-05 6:00,8.2,0,0
수락산,2015-10-05 7:00,7.9,0,0
수락산,2015-10-05 8:00,11.2,0,0
수락산,2015-10-05 9:00,14.5,0.2,0
수락산,2015-10-05 10:00,16.8,0.8,0
수락산,2015-10-05 11:00,19.6,1.3,0
수락산,2015-10-05 12:00,20.8,1.1,0
수락산,2015-10-05 13:00,23.1,1.7,0
수락산,2015-10-05 14:00,24.4,1.9,0
수락산,2015-10-05 15:00,24,1.7,0
수락산,2015-10-05 16:00,23.2,1.2,0
수락산,2015-10-05 17:00,22.2,1.8,0
수락산,2015-10-05 18:00,18.7,0.6,0
수락산,2015-10-05 19:00,16.5,0,0
수락산,2015-10-05 20:00,14.8,0,0
수락산,2015-10-05 21:00,13.3,0,0
수락산,2015-10-05 22:00,12.9,0,0
수락산,2015-10-05 23:00,11.9,0,0
수락산,2015-10-06 0:00,11.2,0,0
수락산,2015-10-06 1:00,10.6,0,0
수락산,2015-10-06 2:00,10.3,0,0
수락산,2015-10-06 3:00,10.1,0,0
수락산,2015-10-06 4:00,9.5,0,0
수락산,2015-10-06 5:00,9.4,0,0
수락산,2015-10-06 6:00,8.9,0,0
수락산,2015-10-06 7:00,9.2,0,0
수락산,2015-10-06 8:00,11.8,0,0
수락산,2015-10-06 9:00,15.1,0,0
수락산,2015-10-06 10:00,18,0.6,0
수락산,2015-10-06 11:00,20.3,0.8,0
수락산,2015-10-06 12:00,22.7,0.6,0
수락산,2015-10-06 13:00,23.6,1.1,0
수락산,2015-10-06 14:00,24.1,0.9,0
수락산,2015-10-06 15:00,24.3,1.9,0
수락산,2015-10-06 16:00,23.8,2.3,0
수락산,2015-10-06 17:00,22.6,2.1,0
수락산,2015-10-06 18:00,20.5,2.2,0
수락산,2015-10-06 19:00,18.2,0.9,0
수락산,2015-10-06 20:00,16.6,0.4,0
수락산,2015-10-06 21:00,15.1,0.3,0
수락산,2015-10-06 22:00,14.7,0,0
수락산,2015-10-06 23:00,14,0.8,0
수락산,2015-10-07 0:00,13.6,0,0
수락산,2015-10-07 1:00,13.4,0.4,0
수락산,2015-10-07 2:00,13.2,0,0
수락산,2015-10-07 3:00,13.6,0,0
수락산,2015-10-07 4:00,14,0,0
수락산,2015-10-07 5:00,14.5,0,0
수락산,2015-10-07 6:00,14.1,0.1,0
수락산,2015-10-07 7:00,13.2,0.4,0
수락산,2015-10-07 8:00,13.4,1,0
수락산,2015-10-07 9:00,14.7,1.2,0
수락산,2015-10-07 10:00,18.1,1.4,0
수락산,2015-10-07 11:00,20.5,1.5,0
수락산,2015-10-07 12:00,23,0.8,0
수락산,2015-10-07 13:00,23.5,0.8,0
수락산,2015-10-07 14:00,24.4,0.6,0
수락산,2015-10-07 15:00,23.5,1.8,0
수락산,2015-10-07 16:00,22.8,1.8,0
수락산,2015-10-07 17:00,22,1.8,0
수락산,2015-10-07 18:00,20.4,0.3,0
수락산,2015-10-07 19:00,18.8,0,0
수락산,2015-10-07 20:00,17.4,0,0
수락산,2015-10-07 21:00,16.8,0,0
수락산,2015-10-07 22:00,16.6,0,0
수락산,2015-10-07 23:00,16.1,0,0
수락산,2015-10-08 0:00,15.4,0,0
수락산,2015-10-08 1:00,15.2,0,0
수락산,2015-10-08 2:00,15.1,0,0
수락산,2015-10-08 3:00,13.9,0,0
수락산,2015-10-08 4:00,13.9,0,0
수락산,2015-10-08 5:00,12.9,0,0
수락산,2015-10-08 6:00,12.8,0,0
수락산,2015-10-08 7:00,12.9,0,0
수락산,2015-10-08 8:00,14.2,0,0
수락산,2015-10-08 9:00,17.2,0,0
수락산,2015-10-08 10:00,19.7,0.2,0
수락산,2015-10-08 11:00,21.9,1.2,0
수락산,2015-10-08 12:00,23.5,2.1,0
수락산,2015-10-08 13:00,24.4,2.2,0
수락산,2015-10-08 14:00,24.4,2.9,0
수락산,2015-10-08 15:00,24.1,2.4,0
수락산,2015-10-08 16:00,24.1,1.9,0
수락산,2015-10-08 17:00,22.4,1.4,0
수락산,2015-10-08 18:00,20.4,1.6,0
수락산,2015-10-08 19:00,20.2,1.4,0
수락산,2015-10-08 20:00,19.3,2.2,0
수락산,2015-10-08 21:00,19.2,2.3,0
수락산,2015-10-08 22:00,18.7,1.6,0
수락산,2015-10-08 23:00,18.4,2,0
수락산,2015-10-09 0:00,17.9,2.1,0
수락산,2015-10-09 1:00,17,1.5,0
수락산,2015-10-09 2:00,15.6,1.5,0
수락산,2015-10-09 3:00,15.4,2.5,0
수락산,2015-10-09 4:00,14.2,1.5,0
수락산,2015-10-09 5:00,13.7,1.5,0
수락산,2015-10-09 6:00,12.8,1.9,0
수락산,2015-10-09 7:00,11.8,1.4,0
수락산,2015-10-09 8:00,13.5,1.7,0
수락산,2015-10-09 9:00,14.9,1.3,0
수락산,2015-10-09 10:00,16.6,1.4,0
수락산,2015-10-09 11:00,17.7,3.9,0
수락산,2015-10-09 12:00,18.4,3.5,0
수락산,2015-10-09 13:00,18.4,3.6,0
수락산,2015-10-09 14:00,18.9,2.8,0
수락산,2015-10-09 15:00,19.3,3.3,0
수락산,2015-10-09 16:00,18.5,2,0
수락산,2015-10-09 17:00,16.9,1.6,0
수락산,2015-10-09 18:00,15.6,1.7,0
수락산,2015-10-09 19:00,14.5,1.1,0
수락산,2015-10-09 20:00,14.8,1,0
수락산,2015-10-09 21:00,14,1,0
수락산,2015-10-09 22:00,11.8,0.4,0
수락산,2015-10-09 23:00,10.8,0.4,0
수락산,2015-10-10 0:00,11.8,1.2,0
수락산,2015-10-10 1:00,11.5,0.4,0
수락산,2015-10-10 2:00,11.5,1,0
수락산,2015-10-10 3:00,11.1,0.9,0
수락산,2015-10-10 4:00,10.6,1.4,0
수락산,2015-10-10 5:00,10.1,0.4,0
수락산,2015-10-10 6:00,9.6,0.1,1.5
수락산,2015-10-10 7:00,9.8,1.4,3
수락산,2015-10-10 8:00,10.4,0.8,0
수락산,2015-10-10 9:00,12.3,0.6,0
수락산,2015-10-10 10:00,12.2,1.3,0
수락산,2015-10-10 11:00,12.3,0.3,0
수락산,2015-10-10 12:00,11.7,1.5,1
수락산,2015-10-10 13:00,12.7,0.7,1.5
수락산,2015-10-10 14:00,14.6,1.4,0
수락산,2015-10-10 15:00,15.5,1.6,0
수락산,2015-10-10 16:00,14.7,3,0
수락산,2015-10-10 17:00,11.9,0.6,0
수락산,2015-10-10 18:00,11.6,0.9,0.5
수락산,2015-10-10 19:00,10.2,0.3,0
수락산,2015-10-10 20:00,10.2,0.2,0
수락산,2015-10-10 21:00,9.9,0.1,0
수락산,2015-10-10 22:00,9,0.3,0
수락산,2015-10-10 23:00,9,0,0
수락산,2015-10-11 0:00,8.8,0,0
수락산,2015-10-11 1:00,8.4,0.4,0
수락산,2015-10-11 2:00,7.9,0.2,0
수락산,2015-10-11 3:00,8,0.6,0
수락산,2015-10-11 4:00,7,0.8,0
수락산,2015-10-11 5:00,6.4,0,0
수락산,2015-10-11 6:00,5.6,0.5,0
수락산,2015-10-11 7:00,6.4,0.7,0
수락산,2015-10-11 8:00,7.5,0.6,0
수락산,2015-10-11 9:00,9.4,1.5,0
수락산,2015-10-11 10:00,10.5,1.8,0
수락산,2015-10-11 11:00,12.7,1.3,0
수락산,2015-10-11 12:00,13,1.5,0
수락산,2015-10-11 13:00,10.7,0.5,2
수락산,2015-10-11 14:00,12,1.5,2
수락산,2015-10-11 15:00,13.8,1.5,0
수락산,2015-10-11 16:00,14,1.7,0
수락산,2015-10-11 17:00,11.9,2,0.5
수락산,2015-10-11 18:00,11.3,1.5,0
수락산,2015-10-11 19:00,9.5,0.4,0
수락산,2015-10-11 20:00,8.8,0,0
수락산,2015-10-11 21:00,8.1,0,0
수락산,2015-10-11 22:00,7.5,0.1,0
수락산,2015-10-11 23:00,8,0,0
수락산,2015-10-12 0:00,8,0.5,0
수락산,2015-10-12 1:00,8.3,0,0
수락산,2015-10-12 2:00,7.9,0,0
수락산,2015-10-12 3:00,8.1,0,0
수락산,2015-10-12 4:00,7.1,0,0
수락산,2015-10-12 5:00,6.4,0.6,0
수락산,2015-10-12 6:00,6.1,0,0
수락산,2015-10-12 7:00,5.5,0,0
수락산,2015-10-12 8:00,7.8,0,0
수락산,2015-10-12 9:00,10.4,1.4,0
수락산,2015-10-12 10:00,11.6,2.7,0
수락산,2015-10-12 11:00,13.2,2.4,0
수락산,2015-10-12 12:00,14.5,2,0
수락산,2015-10-12 13:00,15.7,2.6,0
수락산,2015-10-12 14:00,16.7,3.1,0
수락산,2015-10-12 15:00,16.8,3.4,0
수락산,2015-10-12 16:00,16.4,2.8,0
수락산,2015-10-12 17:00,15.8,3,0
수락산,2015-10-12 18:00,13.3,1.7,0
수락산,2015-10-12 19:00,13.5,2.3,0
수락산,2015-10-12 20:00,12,1.3,0
수락산,2015-10-12 21:00,11.9,2,0
수락산,2015-10-12 22:00,10.3,0.6,0
수락산,2015-10-12 23:00,8.2,0.3,0
수락산,2015-10-13 0:00,7.1,0.9,0
수락산,2015-10-13 1:00,6.5,1.3,0
수락산,2015-10-13 2:00,5.9,0,0
수락산,2015-10-13 3:00,5.4,0,0
수락산,2015-10-13 4:00,5.3,0,0
수락산,2015-10-13 5:00,5,0,0
수락산,2015-10-13 6:00,4.6,0,0
수락산,2015-10-13 7:00,4.7,0,0
수락산,2015-10-13 8:00,7.6,0,0
수락산,2015-10-13 9:00,11.7,0.5,0
수락산,2015-10-13 10:00,14.8,0.5,0
수락산,2015-10-13 11:00,17.3,1.3,0
수락산,2015-10-13 12:00,18.9,2.3,0
수락산,2015-10-13 13:00,20.2,2.1,0
수락산,2015-10-13 14:00,20.4,2.7,0
수락산,2015-10-13 15:00,20.1,2.2,0
수락산,2015-10-13 16:00,19.1,2,0
수락산,2015-10-13 17:00,18.1,1.3,0
수락산,2015-10-13 18:00,17,1.4,0
수락산,2015-10-13 19:00,15,0.4,0
수락산,2015-10-13 20:00,13.6,0,0
수락산,2015-10-13 21:00,13,0.7,0
수락산,2015-10-13 22:00,12.7,0.9,0
수락산,2015-10-13 23:00,12.8,0.5,0
수락산,2015-10-14 0:00,13.1,0.4,0
수락산,2015-10-14 1:00,11.4,0.6,0
수락산,2015-10-14 2:00,10.9,0.2,0
수락산,2015-10-14 3:00,10.5,0,0
수락산,2015-10-14 4:00,9.8,0,0
수락산,2015-10-14 5:00,9.2,0,0
수락산,2015-10-14 6:00,8.5,0,0
수락산,2015-10-14 7:00,8,0,0
수락산,2015-10-14 8:00,9.8,0,0
수락산,2015-10-14 9:00,11.8,0.4,0
수락산,2015-10-14 10:00,15.3,1.3,0
수락산,2015-10-14 11:00,17.6,1.2,0
수락산,2015-10-14 12:00,20,0.9,0
수락산,2015-10-14 13:00,20.7,0.7,0
수락산,2015-10-14 14:00,21.9,1.2,0
수락산,2015-10-14 15:00,22.4,0.9,0
수락산,2015-10-14 16:00,22.4,0.9,0
수락산,2015-10-14 17:00,20.2,1.4,0
수락산,2015-10-14 18:00,17.1,0,0
수락산,2015-10-14 19:00,15,0.8,0
수락산,2015-10-14 20:00,13.3,0.2,0
수락산,2015-10-14 21:00,12.4,0.9,0
수락산,2015-10-14 22:00,11.8,0,0
수락산,2015-10-14 23:00,11.4,0,0
수락산,2015-10-15 0:00,10.4,0,0
수락산,2015-10-15 1:00,9.9,0,0
수락산,2015-10-15 2:00,10,0,0
수락산,2015-10-15 3:00,9.7,0,0
수락산,2015-10-15 4:00,9.2,0,0
수락산,2015-10-15 5:00,9.6,0,0
수락산,2015-10-15 6:00,9.2,0,0
수락산,2015-10-15 7:00,9.1,0.6,0
수락산,2015-10-15 8:00,11.3,0,0
수락산,2015-10-15 9:00,14.1,0.3,0
수락산,2015-10-15 10:00,16.6,1.1,0
수락산,2015-10-15 11:00,19.6,0.9,0
수락산,2015-10-15 12:00,21.9,1.2,0
수락산,2015-10-15 13:00,23.4,1,0
수락산,2015-10-15 14:00,23.4,1.5,0
수락산,2015-10-15 15:00,23.7,0.9,0
수락산,2015-10-15 16:00,22.8,0.7,0
수락산,2015-10-15 17:00,19.7,0.4,0
수락산,2015-10-15 18:00,18.4,0.1,0
수락산,2015-10-15 19:00,16,0,0
수락산,2015-10-15 20:00,14.7,0.8,0
수락산,2015-10-15 21:00,14.1,0,0
수락산,2015-10-15 22:00,13.4,0,0
수락산,2015-10-15 23:00,12.7,0,0
수락산,2015-10-16 0:00,12.6,0,0
수락산,2015-10-16 1:00,12.3,0,0
수락산,2015-10-16 2:00,12,0,0
수락산,2015-10-16 3:00,11.3,0,0
수락산,2015-10-16 4:00,11.1,0,0
수락산,2015-10-16 5:00,10.7,0,0
수락산,2015-10-16 6:00,10.2,0,0
수락산,2015-10-16 7:00,9.9,0,0
수락산,2015-10-16 8:00,11.3,0,0
수락산,2015-10-16 9:00,14.5,0,0
수락산,2015-10-16 10:00,17.6,0,0
수락산,2015-10-16 11:00,19.3,0.8,0
수락산,2015-10-16 12:00,21.1,1.5,0
수락산,2015-10-16 13:00,22.5,0.7,0
수락산,2015-10-16 14:00,24,1.4,0
수락산,2015-10-16 15:00,23.8,1.1,0
수락산,2015-10-16 16:00,23.1,1.4,0
수락산,2015-10-16 17:00,21.1,1.1,0
수락산,2015-10-16 18:00,19.4,0.9,0
수락산,2015-10-16 19:00,17.4,0,0
수락산,2015-10-16 20:00,16,0.6,0
수락산,2015-10-16 21:00,14.7,0.5,0
수락산,2015-10-16 22:00,13.9,0.8,0
수락산,2015-10-16 23:00,13.2,0,0
수락산,2015-10-17 0:00,12.8,0,0
수락산,2015-10-17 1:00,12.2,0,0
수락산,2015-10-17 2:00,11.8,0,0
수락산,2015-10-17 3:00,11.1,0,0
수락산,2015-10-17 4:00,10.6,0,0
수락산,2015-10-17 5:00,10.1,0,0
수락산,2015-10-17 6:00,10.3,0,0
수락산,2015-10-17 7:00,9.7,0,0
수락산,2015-10-17 8:00,11.1,0,0
수락산,2015-10-17 9:00,14.6,0.1,0
수락산,2015-10-17 10:00,18.1,0.6,0
수락산,2015-10-17 11:00,20.8,0.7,0
수락산,2015-10-17 12:00,22.9,0.9,0
수락산,2015-10-17 13:00,23.7,1.5,0
수락산,2015-10-17 14:00,24.8,1.5,0
수락산,2015-10-17 15:00,25.1,1.4,0
수락산,2015-10-17 16:00,24.4,1.8,0
수락산,2015-10-17 17:00,22,1.2,0
수락산,2015-10-17 18:00,18.9,0.1,0
수락산,2015-10-17 19:00,17.6,0.8,0
수락산,2015-10-17 20:00,15.2,0.7,0
수락산,2015-10-17 21:00,13.8,0.6,0
수락산,2015-10-17 22:00,12.9,0.3,0
수락산,2015-10-17 23:00,12.5,0,0
수락산,2015-10-18 0:00,11.7,0,0
수락산,2015-10-18 1:00,11.1,0,0
수락산,2015-10-18 2:00,10.9,0,0
수락산,2015-10-18 3:00,10.7,0,0
수락산,2015-10-18 4:00,10.2,0,0
수락산,2015-10-18 5:00,9.9,0,0
수락산,2015-10-18 6:00,9.5,0,0
수락산,2015-10-18 7:00,9.2,0,0
수락산,2015-10-18 8:00,10.7,0,0
수락산,2015-10-18 9:00,13.8,0,0
수락산,2015-10-18 10:00,16.7,0.2,0
수락산,2015-10-18 11:00,19.6,0.5,0
수락산,2015-10-18 12:00,21.3,0.8,0
수락산,2015-10-18 13:00,22.5,0.5,0
수락산,2015-10-18 14:00,22.9,1.8,0
수락산,2015-10-18 15:00,22.8,1.9,0
수락산,2015-10-18 16:00,22.2,2.3,0
수락산,2015-10-18 17:00,20.6,1.5,0
수락산,2015-10-18 18:00,17.8,0.2,0
수락산,2015-10-18 19:00,17.5,0.3,0
수락산,2015-10-18 20:00,15.9,0,0
수락산,2015-10-18 21:00,15.1,0,0
수락산,2015-10-18 22:00,13.9,0,0
수락산,2015-10-18 23:00,13,0,0
수락산,2015-10-19 0:00,12.8,0,0
수락산,2015-10-19 1:00,12.4,0,0
수락산,2015-10-19 2:00,12,0,0
수락산,2015-10-19 3:00,12,0,0
수락산,2015-10-19 4:00,11.8,0.3,0
수락산,2015-10-19 5:00,11.3,0,0
수락산,2015-10-19 6:00,11.1,0,0
수락산,2015-10-19 7:00,11.1,0,0
수락산,2015-10-19 8:00,12.3,0,0
수락산,2015-10-19 9:00,14.5,0,0
수락산,2015-10-19 10:00,17.7,0.5,0
수락산,2015-10-19 11:00,19.7,1.5,0
수락산,2015-10-19 12:00,21,1.8,0
수락산,2015-10-19 13:00,21.7,1.3,0
수락산,2015-10-19 14:00,21.9,0.8,0
수락산,2015-10-19 15:00,22.3,0.7,0
수락산,2015-10-19 16:00,22.2,0.8,0
수락산,2015-10-19 17:00,21,2,0
수락산,2015-10-19 18:00,19.7,1.2,0
수락산,2015-10-19 19:00,17.2,0,0
수락산,2015-10-19 20:00,16,0.2,0
수락산,2015-10-19 21:00,14.5,0,0
수락산,2015-10-19 22:00,13.6,0.7,0
수락산,2015-10-19 23:00,13.2,0,0
수락산,2015-10-20 0:00,12.5,1.2,0
수락산,2015-10-20 1:00,13.1,0.3,0
수락산,2015-10-20 2:00,13.7,0,0
수락산,2015-10-20 3:00,13.2,0,0
수락산,2015-10-20 4:00,13.9,0.8,0
수락산,2015-10-20 5:00,13.6,0.7,0
수락산,2015-10-20 6:00,14.4,0,0
수락산,2015-10-20 7:00,14.3,0,0
수락산,2015-10-20 8:00,14.8,0,0
수락산,2015-10-20 9:00,16.4,0,0
수락산,2015-10-20 10:00,18.3,0.9,0
수락산,2015-10-20 11:00,20.2,0.6,0
수락산,2015-10-20 12:00,21.3,1.3,0
수락산,2015-10-20 13:00,22.3,1.6,0
수락산,2015-10-20 14:00,23,0.7,0
수락산,2015-10-20 15:00,23.1,0.7,0
수락산,2015-10-20 16:00,22.2,0,0
수락산,2015-10-20 17:00,20.8,0.9,0
수락산,2015-10-20 18:00,19.9,0.8,0
수락산,2015-10-20 19:00,17.4,0.1,0
수락산,2015-10-20 20:00,16.1,0.7,0
수락산,2015-10-20 21:00,15,0,0
수락산,2015-10-20 22:00,14.3,0,0
수락산,2015-10-20 23:00,13.9,0.2,0
수락산,2015-10-21 0:00,13.3,0.3,0
수락산,2015-10-21 1:00,13.2,0,0
수락산,2015-10-21 2:00,13.4,0.3,0
수락산,2015-10-21 3:00,12.2,1.7,0
수락산,2015-10-21 4:00,12.7,0,0
수락산,2015-10-21 5:00,11.8,0,0
수락산,2015-10-21 6:00,11.6,0.4,0
수락산,2015-10-21 7:00,11.3,0,0
수락산,2015-10-21 8:00,12.8,0,0
수락산,2015-10-21 9:00,14.9,0.1,0
수락산,2015-10-21 10:00,17.1,0.5,0
수락산,2015-10-21 11:00,18.1,1.2,0
수락산,2015-10-21 12:00,20,1.3,0
수락산,2015-10-21 13:00,20.9,1.6,0
수락산,2015-10-21 14:00,22.3,2.1,0
수락산,2015-10-21 15:00,21.7,2.2,0
수락산,2015-10-21 16:00,21.4,1.5,0
수락산,2015-10-21 17:00,20.3,1.3,0
수락산,2015-10-21 18:00,18.3,0,0
수락산,2015-10-21 19:00,17.1,0.2,0
수락산,2015-10-21 20:00,17.2,0.2,0
수락산,2015-10-21 21:00,15.9,0.2,0
수락산,2015-10-21 22:00,14.8,0.1,0
수락산,2015-10-21 23:00,14.1,0,0
수락산,2015-10-22 0:00,13.4,0.5,0
수락산,2015-10-22 1:00,13.4,0,0
수락산,2015-10-22 2:00,12.5,0.8,0
수락산,2015-10-22 3:00,12.2,0.3,0
수락산,2015-10-22 4:00,12.7,0,0
수락산,2015-10-22 5:00,12.4,0,0
수락산,2015-10-22 6:00,12.1,0,0
수락산,2015-10-22 7:00,12.4,0.3,0
수락산,2015-10-22 8:00,13.5,0,0
수락산,2015-10-22 9:00,15.3,0.1,0
수락산,2015-10-22 10:00,17.2,1.2,0
수락산,2015-10-22 11:00,17.6,2,0
수락산,2015-10-22 12:00,19.1,1.8,0
수락산,2015-10-22 13:00,20.8,1.7,0
수락산,2015-10-22 14:00,20,1,0
수락산,2015-10-22 15:00,20.2,0.9,0
수락산,2015-10-22 16:00,20.6,1,0
수락산,2015-10-22 17:00,19.8,1.6,0
수락산,2015-10-22 18:00,17,1,0
수락산,2015-10-22 19:00,16.6,1.5,0
수락산,2015-10-22 20:00,14.9,0,0
수락산,2015-10-22 21:00,14.2,0.1,0
수락산,2015-10-22 22:00,13.2,0,0
수락산,2015-10-22 23:00,12.5,0,0
수락산,2015-10-23 0:00,11.8,0.7,0
수락산,2015-10-23 1:00,12.6,0,0
수락산,2015-10-23 2:00,12.7,0,0
수락산,2015-10-23 3:00,13.1,0,0
수락산,2015-10-23 4:00,13.5,0,0
수락산,2015-10-23 5:00,13.7,0,0
수락산,2015-10-23 6:00,13.7,0,0
수락산,2015-10-23 7:00,13.6,0,0
수락산,2015-10-23 8:00,14,0,0
수락산,2015-10-23 9:00,15.1,0.4,0
수락산,2015-10-23 10:00,16,0.6,0
수락산,2015-10-23 11:00,16.9,0.4,0
수락산,2015-10-23 12:00,17.8,0,0
수락산,2015-10-23 13:00,19,1.2,0
수락산,2015-10-23 14:00,19.5,0,0
수락산,2015-10-23 15:00,20.1,1,0
수락산,2015-10-23 16:00,19.8,1.8,0
수락산,2015-10-23 17:00,18.3,0.9,0
수락산,2015-10-23 18:00,17,1.2,0
수락산,2015-10-23 19:00,16,1.5,0
수락산,2015-10-23 20:00,14.2,0,0
수락산,2015-10-23 21:00,13.4,0,0
수락산,2015-10-23 22:00,13.2,1.2,0
수락산,2015-10-23 23:00,13.1,0,0
수락산,2015-10-24 0:00,12.9,0.9,0
수락산,2015-10-24 1:00,13.6,1.1,0
수락산,2015-10-24 2:00,13.9,0,0
수락산,2015-10-24 3:00,14.2,0.7,0
수락산,2015-10-24 4:00,14.6,1.1,0
수락산,2015-10-24 5:00,14,0.6,3
수락산,2015-10-24 6:00,14.1,0,6.5
수락산,2015-10-24 7:00,14.5,0,0
수락산,2015-10-24 8:00,14.5,0,0.5
수락산,2015-10-24 9:00,15.2,0,0
수락산,2015-10-24 10:00,16.7,2,0
수락산,2015-10-24 11:00,18.4,1.7,0
수락산,2015-10-24 12:00,18.5,1.8,0
수락산,2015-10-24 13:00,19.6,2.6,0
수락산,2015-10-24 14:00,21,2.7,0
수락산,2015-10-24 15:00,21.4,3.2,0
수락산,2015-10-24 16:00,20.4,2.8,0
수락산,2015-10-24 17:00,18.8,2.3,0
수락산,2015-10-24 18:00,15.3,0,0
수락산,2015-10-24 19:00,14.7,0.6,0
수락산,2015-10-24 20:00,13.8,0.7,0
수락산,2015-10-24 21:00,12.4,0.5,0
수락산,2015-10-24 22:00,12.4,0,0
수락산,2015-10-24 23:00,11.3,0,0
수락산,2015-10-25 0:00,10.9,0,0
수락산,2015-10-25 1:00,9.8,0,0
수락산,2015-10-25 2:00,8.9,0,0
수락산,2015-10-25 3:00,8.4,0,0
수락산,2015-10-25 4:00,8.6,1.4,0
수락산,2015-10-25 5:00,7.8,0.3,0
수락산,2015-10-25 6:00,7.5,0,0
수락산,2015-10-25 7:00,7,0.5,0
수락산,2015-10-25 8:00,9,0,0
수락산,2015-10-25 9:00,12.9,0,0
수락산,2015-10-25 10:00,16.7,1.6,0
수락산,2015-10-25 11:00,18.1,1.9,0
수락산,2015-10-25 12:00,19,1.5,0
수락산,2015-10-25 13:00,19,1.5,0
수락산,2015-10-25 14:00,20.5,1.6,0
수락산,2015-10-25 15:00,19.9,1.8,0
수락산,2015-10-25 16:00,20,0.9,0
수락산,2015-10-25 17:00,16.4,0,0
수락산,2015-10-25 18:00,14.7,0.2,0
수락산,2015-10-25 19:00,13,0,0
수락산,2015-10-25 20:00,11.7,0,0
수락산,2015-10-25 21:00,10.9,0,0
수락산,2015-10-25 22:00,10,0,0
수락산,2015-10-25 23:00,9.5,0,0
수락산,2015-10-26 0:00,8.9,0,0
수락산,2015-10-26 1:00,8.6,0.6,0
수락산,2015-10-26 2:00,8.6,1.1,0
수락산,2015-10-26 3:00,8.3,0.3,0
수락산,2015-10-26 4:00,10.1,0.3,0
수락산,2015-10-26 5:00,10.7,0.4,0
수락산,2015-10-26 6:00,12.3,1.6,0
수락산,2015-10-26 7:00,12.5,1.4,0
수락산,2015-10-26 8:00,12.9,1.8,0
수락산,2015-10-26 9:00,13.5,2.5,0
수락산,2015-10-26 10:00,14.7,3.1,0
수락산,2015-10-26 11:00,15.4,3.3,0
수락산,2015-10-26 12:00,16.3,2.1,0
수락산,2015-10-26 13:00,17.1,2.3,0
수락산,2015-10-26 14:00,16.8,2.6,0
수락산,2015-10-26 15:00,,,0
수락산,2015-10-26 16:00,16.8,1.3,0
수락산,2015-10-26 17:00,15.6,0,0
수락산,2015-10-26 18:00,13.4,0,0
수락산,2015-10-26 19:00,13.2,0,0.5
수락산,2015-10-26 20:00,13,0.8,0
수락산,2015-10-26 21:00,13.3,1,0
수락산,2015-10-26 22:00,14,1.4,0
수락산,2015-10-26 23:00,13.4,0.9,0.5
수락산,2015-10-27 0:00,13.2,0.5,1
수락산,2015-10-27 1:00,13.2,1.7,2
수락산,2015-10-27 2:00,13.2,2.3,1.5
수락산,2015-10-27 3:00,13.3,1.7,1
수락산,2015-10-27 4:00,13.2,0.1,3
수락산,2015-10-27 5:00,12.6,0.5,4
수락산,2015-10-27 6:00,12.7,0.5,4.5
수락산,2015-10-27 7:00,12.2,1.1,5
수락산,2015-10-27 8:00,11.6,2.2,3.5
수락산,2015-10-27 9:00,11.4,0.5,1
수락산,2015-10-27 10:00,12.4,1.7,0
수락산,2015-10-27 11:00,13.1,3.1,0
수락산,2015-10-27 12:00,14.3,2.8,0
수락산,2015-10-27 13:00,14.9,2.6,0
수락산,2015-10-27 14:00,15.5,3,0
수락산,2015-10-27 15:00,14.9,3,0
수락산,2015-10-27 16:00,14.4,2.9,0
수락산,2015-10-27 17:00,12.4,2.7,0
수락산,2015-10-27 18:00,10.6,2,0
수락산,2015-10-27 19:00,9.9,1.9,0
수락산,2015-10-27 20:00,9.2,2.1,0
수락산,2015-10-27 21:00,8,1.8,0
수락산,2015-10-27 22:00,7.1,0.7,0
수락산,2015-10-27 23:00,6.6,0,0
수락산,2015-10-28 0:00,5.1,0.6,0
수락산,2015-10-28 1:00,4.2,0.1,0
수락산,2015-10-28 2:00,3.9,0.4,0
수락산,2015-10-28 3:00,3.2,0.2,0
수락산,2015-10-28 4:00,3.1,0.3,0
수락산,2015-10-28 5:00,2.4,1.1,0
수락산,2015-10-28 6:00,2.1,0.1,0
수락산,2015-10-28 7:00,2.1,0,0
수락산,2015-10-28 8:00,3.9,0,0
수락산,2015-10-28 9:00,7.8,0,0
수락산,2015-10-28 10:00,10.8,0.9,0
수락산,2015-10-28 11:00,12.3,2,0
수락산,2015-10-28 12:00,13.6,1.6,0
수락산,2015-10-28 13:00,14.1,2.8,0
수락산,2015-10-28 14:00,14.5,3,0
수락산,2015-10-28 15:00,14.4,1.7,0
수락산,2015-10-28 16:00,13.8,1.5,0
수락산,2015-10-28 17:00,12.3,2,0
수락산,2015-10-28 18:00,11.6,1.5,0
수락산,2015-10-28 19:00,10.4,1.5,0
수락산,2015-10-28 20:00,9,1.3,0
수락산,2015-10-28 21:00,8.2,1.8,0
수락산,2015-10-28 22:00,6.4,0.4,0
수락산,2015-10-28 23:00,6,1,0
수락산,2015-10-29 0:00,4.7,0.1,0
수락산,2015-10-29 1:00,4.1,0,0
수락산,2015-10-29 2:00,3.3,0.1,0
수락산,2015-10-29 3:00,1.7,0.1,0
수락산,2015-10-29 4:00,1.1,0,0
수락산,2015-10-29 5:00,0.5,0,0
수락산,2015-10-29 6:00,0,0,0
수락산,2015-10-29 7:00,-0.2,0,0
수락산,2015-10-29 8:00,1.9,0,0
수락산,2015-10-29 9:00,5.3,0.8,0
수락산,2015-10-29 10:00,8.8,1.2,0
수락산,2015-10-29 11:00,10.2,1.2,0
수락산,2015-10-29 12:00,11.5,2,0
수락산,2015-10-29 13:00,12.9,2.2,0
수락산,2015-10-29 14:00,12.1,3.1,0
수락산,2015-10-29 15:00,12.1,1.4,0
수락산,2015-10-29 16:00,11.8,1.2,0
수락산,2015-10-29 17:00,8.8,1.7,0
수락산,2015-10-29 18:00,7.5,0.3,0.5
수락산,2015-10-29 19:00,6.8,0.5,0
수락산,2015-10-29 20:00,6.4,0,0
수락산,2015-10-29 21:00,7.8,2.9,0
수락산,2015-10-29 22:00,6.5,3.2,0
수락산,2015-10-29 23:00,4.2,0.1,0
수락산,2015-10-30 0:00,3.6,0.4,0
수락산,2015-10-30 1:00,1.8,0.3,0
수락산,2015-10-30 2:00,1.6,0.1,0
수락산,2015-10-30 3:00,0.9,0,0
수락산,2015-10-30 4:00,1.1,0.2,0
수락산,2015-10-30 5:00,1.1,0,0
수락산,2015-10-30 6:00,0.5,1.4,0
수락산,2015-10-30 7:00,0.3,0,0
수락산,2015-10-30 8:00,2.6,0.5,0
수락산,2015-10-30 9:00,4.8,2,0
수락산,2015-10-30 10:00,5.7,3,0
수락산,2015-10-30 11:00,6.8,2.1,0
수락산,2015-10-30 12:00,7.6,2.3,0
수락산,2015-10-30 13:00,9.2,2.3,0
수락산,2015-10-30 14:00,9.9,2.5,0
수락산,2015-10-30 15:00,9.1,2.9,0
수락산,2015-10-30 16:00,9.1,2.7,0
수락산,2015-10-30 17:00,7.5,2.9,0
수락산,2015-10-30 18:00,6,1.9,0
수락산,2015-10-30 19:00,5.4,1.9,0
수락산,2015-10-30 20:00,3.6,0.7,0
수락산,2015-10-30 21:00,4.5,2.4,0
수락산,2015-10-30 22:00,2.3,0.8,0
수락산,2015-10-30 23:00,1.8,0.1,0
수락산,2015-10-31 0:00,0.8,0.1,0
수락산,2015-10-31 1:00,-0.6,0.8,0
수락산,2015-10-31 2:00,-1.2,1.3,0
수락산,2015-10-31 3:00,-1.4,0,0
수락산,2015-10-31 4:00,-1.9,0,0
수락산,2015-10-31 5:00,-1.9,0,0
수락산,2015-10-31 6:00,-2.8,0,0
수락산,2015-10-31 7:00,-2.8,0,0
수락산,2015-10-31 8:00,-0.8,0,0
수락산,2015-10-31 9:00,2.9,0.2,0
수락산,2015-10-31 10:00,6.5,1.3,0
수락산,2015-10-31 11:00,7.4,2.6,0
수락산,2015-10-31 12:00,9,1.3,0
수락산,2015-10-31 13:00,9.4,2.3,0
수락산,2015-10-31 14:00,10.5,2.2,0
수락산,2015-10-31 15:00,10.6,1.2,0
수락산,2015-10-31 16:00,10.4,1.4,0
수락산,2015-10-31 17:00,8.2,1.1,0
수락산,2015-10-31 18:00,6.6,0.1,0
수락산,2015-10-31 19:00,5.1,0.3,0
수락산,2015-10-31 20:00,3.7,0,0
수락산,2015-10-31 21:00,2.3,0,0
수락산,2015-10-31 22:00,1.2,0.6,0
수락산,2015-10-31 23:00,1,0,0
수락산,2015-11-01 0:00,-0.2,0.8,0
수락산,2015-11-01 1:00,-0.6,0.5,0
수락산,2015-11-01 2:00,-0.6,0,0
수락산,2015-11-01 3:00,-1.6,0,0
수락산,2015-11-01 4:00,-1.5,0.4,0
수락산,2015-11-01 5:00,-2.2,0,0
수락산,2015-11-01 6:00,-1.7,0,0
수락산,2015-11-01 7:00,-1.8,0,0
수락산,2015-11-01 8:00,-0.8,0.2,0
수락산,2015-11-01 9:00,2,0.7,0
수락산,2015-11-01 10:00,4.1,0.3,0
수락산,2015-11-01 11:00,6.7,0.7,0
수락산,2015-11-01 12:00,8.5,0.4,0
수락산,2015-11-01 13:00,10.7,1.4,0
수락산,2015-11-01 14:00,11.5,0.6,0
수락산,2015-11-01 15:00,12,0.7,0
수락산,2015-11-01 16:00,11.3,0.1,0
수락산,2015-11-01 17:00,10.3,0.1,0
수락산,2015-11-01 18:00,8.3,1.5,0
수락산,2015-11-01 19:00,8.1,0.7,0
수락산,2015-11-01 20:00,7.6,0,0
수락산,2015-11-01 21:00,7.5,0.4,0
수락산,2015-11-01 22:00,6.8,0,0
수락산,2015-11-01 23:00,6.7,0,0
수락산,2015-11-02 0:00,6.1,0,0
수락산,2015-11-02 1:00,6,0,0
수락산,2015-11-02 2:00,5.5,0,0
수락산,2015-11-02 3:00,4.8,0,0
수락산,2015-11-02 4:00,4.8,0,0
수락산,2015-11-02 5:00,4.6,0,0
수락산,2015-11-02 6:00,4.4,0.2,0
수락산,2015-11-02 7:00,3.6,0,0
수락산,2015-11-02 8:00,4.1,0,0
수락산,2015-11-02 9:00,7.4,0,0
수락산,2015-11-02 10:00,8.3,0.8,0
수락산,2015-11-02 11:00,10.8,0.5,0
수락산,2015-11-02 12:00,12,1.1,0
수락산,2015-11-02 13:00,13.8,0.5,0
수락산,2015-11-02 14:00,14.3,2.4,0
수락산,2015-11-02 15:00,14.3,2.5,0
수락산,2015-11-02 16:00,13.8,1.7,0
수락산,2015-11-02 17:00,13.2,1.7,0
수락산,2015-11-02 18:00,11.1,0.3,0
수락산,2015-11-02 19:00,10,0,0
수락산,2015-11-02 20:00,8.9,0,0
수락산,2015-11-02 21:00,7.8,0,0
수락산,2015-11-02 22:00,6.8,0.5,0
수락산,2015-11-02 23:00,6.1,0,0
수락산,2015-11-03 0:00,5.6,0.5,0
수락산,2015-11-03 1:00,5.2,0,0
수락산,2015-11-03 2:00,4.7,0,0
수락산,2015-11-03 3:00,4.5,0,0
수락산,2015-11-03 4:00,3.9,0,0
수락산,2015-11-03 5:00,3.7,0,0
수락산,2015-11-03 6:00,2.6,0,0
수락산,2015-11-03 7:00,2.9,0,0
수락산,2015-11-03 8:00,3.8,0,0
수락산,2015-11-03 9:00,7,0,0
수락산,2015-11-03 10:00,10.2,0.4,0
수락산,2015-11-03 11:00,13.4,0.8,0
수락산,2015-11-03 12:00,15.2,1.7,0
수락산,2015-11-03 13:00,16.2,0.8,0
수락산,2015-11-03 14:00,16.9,0.6,0
수락산,2015-11-03 15:00,17.3,1.1,0
수락산,2015-11-03 16:00,16.1,0.8,0
수락산,2015-11-03 17:00,14,0,0
수락산,2015-11-03 18:00,11.5,0,0
수락산,2015-11-03 19:00,9.8,1,0
수락산,2015-11-03 20:00,8.7,0,0
수락산,2015-11-03 21:00,7.6,0,0
수락산,2015-11-03 22:00,6.6,0,0
수락산,2015-11-03 23:00,6.1,0,0
수락산,2015-11-04 0:00,5.2,0,0
수락산,2015-11-04 1:00,4.6,0,0
수락산,2015-11-04 2:00,4.6,0,0
수락산,2015-11-04 3:00,3.7,0.6,0
수락산,2015-11-04 4:00,3.6,0,0
수락산,2015-11-04 5:00,2.9,0,0
수락산,2015-11-04 6:00,2.9,0,0
수락산,2015-11-04 7:00,2.2,0,0
수락산,2015-11-04 8:00,3,0.2,0
수락산,2015-11-04 9:00,6.3,0,0
수락산,2015-11-04 10:00,10.2,0.3,0
수락산,2015-11-04 11:00,14,1.1,0
수락산,2015-11-04 12:00,15.5,1.2,0
수락산,2015-11-04 13:00,16.6,1,0
수락산,2015-11-04 14:00,17.3,0.6,0
수락산,2015-11-04 15:00,17.7,0.9,0
수락산,2015-11-04 16:00,17.3,0.5,0
수락산,2015-11-04 17:00,14.7,0.1,0
수락산,2015-11-04 18:00,11.8,0.4,0
수락산,2015-11-04 19:00,10.4,0.6,0
수락산,2015-11-04 20:00,9.7,0.8,0
수락산,2015-11-04 21:00,9.2,0,0
수락산,2015-11-04 22:00,8.7,0,0
수락산,2015-11-04 23:00,8.4,0,0
수락산,2015-11-05 0:00,7.6,0.7,0
수락산,2015-11-05 1:00,7.2,0,0
수락산,2015-11-05 2:00,7.1,0,0
수락산,2015-11-05 3:00,7,0,0
수락산,2015-11-05 4:00,6.2,0,0
수락산,2015-11-05 5:00,5.7,0.4,0
수락산,2015-11-05 6:00,6,0.3,0
수락산,2015-11-05 7:00,6,0.7,0
수락산,2015-11-05 8:00,6.8,0,0
수락산,2015-11-05 9:00,9.5,0.4,0
수락산,2015-11-05 10:00,13.4,0,0
수락산,2015-11-05 11:00,15.3,0.8,0
수락산,2015-11-05 12:00,16.6,1.6,0
수락산,2015-11-05 13:00,16.9,2,0
수락산,2015-11-05 14:00,17.1,1.3,0
수락산,2015-11-05 15:00,17.6,2.6,0
수락산,2015-11-05 16:00,17.2,0.8,0
수락산,2015-11-05 17:00,15.8,0.9,0
수락산,2015-11-05 18:00,13.8,0.4,0
수락산,2015-11-05 19:00,12.4,0.6,0
수락산,2015-11-05 20:00,10.8,0,0
수락산,2015-11-05 21:00,10.3,0,0
수락산,2015-11-05 22:00,8.9,0,0
수락산,2015-11-05 23:00,8.3,0,0
수락산,2015-11-06 0:00,7.9,0,0
수락산,2015-11-06 1:00,7.7,1.2,0
수락산,2015-11-06 2:00,8,0,0
수락산,2015-11-06 3:00,7.5,0,0
수락산,2015-11-06 4:00,7.2,0,0
수락산,2015-11-06 5:00,7.9,0,0
수락산,2015-11-06 6:00,7.7,1.8,0
수락산,2015-11-06 7:00,7.5,0.8,0
수락산,2015-11-06 8:00,8.3,1.8,0
수락산,2015-11-06 9:00,10.7,0,0
수락산,2015-11-06 10:00,15.3,1.1,0
수락산,2015-11-06 11:00,17.5,3.1,0
수락산,2015-11-06 12:00,17.9,3.1,0
수락산,2015-11-06 13:00,17.7,3.2,0
수락산,2015-11-06 14:00,18.4,2.1,0
수락산,2015-11-06 15:00,17.7,2.3,0
수락산,2015-11-06 16:00,16.3,2.6,0
수락산,2015-11-06 17:00,15.2,3.4,0
수락산,2015-11-06 18:00,13.6,3.5,0
수락산,2015-11-06 19:00,12.8,2.2,0
수락산,2015-11-06 20:00,11.5,2.6,0
수락산,2015-11-06 21:00,10.2,2.3,1
수락산,2015-11-06 22:00,9.9,2.1,1.5
수락산,2015-11-06 23:00,9.6,1.6,3
수락산,2015-11-07 0:00,9.6,1.2,2
수락산,2015-11-07 1:00,9.4,1,1
수락산,2015-11-07 2:00,9.3,0.9,2
수락산,2015-11-07 3:00,9.6,1.7,0.5
수락산,2015-11-07 4:00,9.6,1.3,0
수락산,2015-11-07 5:00,9.8,1.8,0
수락산,2015-11-07 6:00,10.5,2.8,0
수락산,2015-11-07 7:00,10.3,2.7,0.5
수락산,2015-11-07 8:00,10.8,2.7,0
수락산,2015-11-07 9:00,10.7,2.2,0
수락산,2015-11-07 10:00,11.5,2.3,0
수락산,2015-11-07 11:00,11.6,2.1,0
수락산,2015-11-07 12:00,11.1,1.6,0.5
수락산,2015-11-07 13:00,11.4,1.4,0.5
수락산,2015-11-07 14:00,11.9,1,0.5
수락산,2015-11-07 15:00,11.4,1.9,1
수락산,2015-11-07 16:00,11.4,1.2,1
수락산,2015-11-07 17:00,10.9,1,2.5
수락산,2015-11-07 18:00,11,1,2
수락산,2015-11-07 19:00,11,0.4,1.5
수락산,2015-11-07 20:00,11.2,0.1,2.5
수락산,2015-11-07 21:00,11.3,0,2
수락산,2015-11-07 22:00,11.2,0.9,2
수락산,2015-11-07 23:00,11,1.9,2
수락산,2015-11-08 0:00,11,1.8,3
수락산,2015-11-08 1:00,10.7,1.3,2.5
수락산,2015-11-08 2:00,10.4,2.5,0.5
수락산,2015-11-08 3:00,10.2,2,0
수락산,2015-11-08 4:00,10.2,1.3,0
수락산,2015-11-08 5:00,10.4,1.7,0
수락산,2015-11-08 6:00,10.1,1.8,1
수락산,2015-11-08 7:00,10.1,1.5,1
수락산,2015-11-08 8:00,10.1,2.4,3.5
수락산,2015-11-08 9:00,10.2,2.3,3.5
수락산,2015-11-08 10:00,10.6,1.9,0
수락산,2015-11-08 11:00,10.9,2.4,0.5
수락산,2015-11-08 12:00,12.3,1.8,0
수락산,2015-11-08 13:00,12.4,1.8,0
수락산,2015-11-08 14:00,12.3,1.9,0
수락산,2015-11-08 15:00,12.4,1.4,0
수락산,2015-11-08 16:00,12.5,0.2,0
수락산,2015-11-08 17:00,12.2,0.8,0
수락산,2015-11-08 18:00,12,0.9,0
수락산,2015-11-08 19:00,11,0,0
수락산,2015-11-08 20:00,10.7,0,1
수락산,2015-11-08 21:00,10.6,0,1.5
수락산,2015-11-08 22:00,10.3,0.8,0
수락산,2015-11-08 23:00,10.1,1.1,0.5
수락산,2015-11-09 0:00,9.8,1.6,2
수락산,2015-11-09 1:00,9.8,0.2,1.5
수락산,2015-11-09 2:00,9.9,0,1.5
수락산,2015-11-09 3:00,9.6,0.7,1
수락산,2015-11-09 4:00,9.5,0.5,0.5
수락산,2015-11-09 5:00,9.5,0,0.5
수락산,2015-11-09 6:00,9.5,0.4,0
수락산,2015-11-09 7:00,9.4,0.2,0
수락산,2015-11-09 8:00,9.5,0,0.5
수락산,2015-11-09 9:00,9.8,0.4,0
수락산,2015-11-09 10:00,10,0.8,0
수락산,2015-11-09 11:00,10.5,0.7,0
수락산,2015-11-09 12:00,11.4,1,0
수락산,2015-11-09 13:00,12.4,1.1,0
수락산,2015-11-09 14:00,11.8,1.9,0
수락산,2015-11-09 15:00,11.7,1.2,0
수락산,2015-11-09 16:00,12.1,1.3,0
수락산,2015-11-09 17:00,11.8,1.5,0
수락산,2015-11-09 18:00,11.6,1.9,0
수락산,2015-11-09 19:00,11.3,1,0
수락산,2015-11-09 20:00,11,1.3,0
수락산,2015-11-09 21:00,10.8,0.9,0
수락산,2015-11-09 22:00,10.5,0.4,0
수락산,2015-11-09 23:00,10.4,1.4,0
수락산,2015-11-10 0:00,10.1,0.8,0
수락산,2015-11-10 1:00,9.9,1.7,0
수락산,2015-11-10 2:00,9.6,1.5,0
수락산,2015-11-10 3:00,9.6,0.3,0
수락산,2015-11-10 4:00,9.2,0.9,0
수락산,2015-11-10 5:00,8,0.6,0
수락산,2015-11-10 6:00,7.2,0.3,0
수락산,2015-11-10 7:00,6.8,0.1,0
수락산,2015-11-10 8:00,7.7,0.5,0
수락산,2015-11-10 9:00,8.6,1.5,0
수락산,2015-11-10 10:00,9.5,1.2,0
수락산,2015-11-10 11:00,10.4,0.7,0
수락산,2015-11-10 12:00,11.2,1.2,0
수락산,2015-11-10 13:00,11.4,1,0
수락산,2015-11-10 14:00,12.3,1.5,0
수락산,2015-11-10 15:00,12.9,1,0
수락산,2015-11-10 16:00,13.1,0.5,0
수락산,2015-11-10 17:00,11.1,0,0
수락산,2015-11-10 18:00,9.7,0,0
수락산,2015-11-10 19:00,8,0,0
수락산,2015-11-10 20:00,7,0.8,0
수락산,2015-11-10 21:00,6.5,0,0
수락산,2015-11-10 22:00,5.9,0,0
수락산,2015-11-10 23:00,6.7,0,0
수락산,2015-11-11 0:00,6.2,0.3,0
수락산,2015-11-11 1:00,6.5,0,0
수락산,2015-11-11 2:00,6,0,0
수락산,2015-11-11 3:00,5.7,0,0
수락산,2015-11-11 4:00,5.1,0,0
수락산,2015-11-11 5:00,5.6,0,0
수락산,2015-11-11 6:00,5.2,0,0
수락산,2015-11-11 7:00,5.7,0,0
수락산,2015-11-11 8:00,6.2,0,0
수락산,2015-11-11 9:00,8.1,0,0
수락산,2015-11-11 10:00,10.6,0.8,0
수락산,2015-11-11 11:00,11.9,0.5,0
수락산,2015-11-11 12:00,13.4,0.7,0
수락산,2015-11-11 13:00,14.5,1,0
수락산,2015-11-11 14:00,14.7,0.8,0
수락산,2015-11-11 15:00,15.5,1,0
수락산,2015-11-11 16:00,15.6,0.9,0
수락산,2015-11-11 17:00,14.3,0.4,0
수락산,2015-11-11 18:00,12.2,0,0
수락산,2015-11-11 19:00,10.7,0,0
수락산,2015-11-11 20:00,9.5,0,0
수락산,2015-11-11 21:00,8.6,0,0
수락산,2015-11-11 22:00,7.8,0,0
수락산,2015-11-11 23:00,7.7,0,0
수락산,2015-11-12 0:00,6.7,0,0
수락산,2015-11-12 1:00,6.6,0.1,0
수락산,2015-11-12 2:00,6.2,1,0
수락산,2015-11-12 3:00,6.1,0,0
수락산,2015-11-12 4:00,5.9,0,0
수락산,2015-11-12 5:00,5.9,0.8,0
수락산,2015-11-12 6:00,5.8,0.5,0
수락산,2015-11-12 7:00,5.8,0.1,0
수락산,2015-11-12 8:00,6.9,0.4,0
수락산,2015-11-12 9:00,10.8,0,0
수락산,2015-11-12 10:00,14.6,1.5,0
수락산,2015-11-12 11:00,16.3,3.4,0
수락산,2015-11-12 12:00,17.3,2.2,0
수락산,2015-11-12 13:00,17.9,3.1,0
수락산,2015-11-12 14:00,17.9,2.2,0
수락산,2015-11-12 15:00,18.4,1.3,0
수락산,2015-11-12 16:00,17.3,1.5,0
수락산,2015-11-12 17:00,16.4,1,0
수락산,2015-11-12 18:00,13.5,0.8,0
수락산,2015-11-12 19:00,13.1,0.4,0
수락산,2015-11-12 20:00,12,0,0
수락산,2015-11-12 21:00,10.8,0,0
수락산,2015-11-12 22:00,10.1,0,0
수락산,2015-11-12 23:00,9.6,0,0
수락산,2015-11-13 0:00,9.1,0,0
수락산,2015-11-13 1:00,9.3,0.9,0
수락산,2015-11-13 2:00,9.2,0.3,0
수락산,2015-11-13 3:00,9,0.3,0
수락산,2015-11-13 4:00,9.3,0,0
수락산,2015-11-13 5:00,9.2,0,0
수락산,2015-11-13 6:00,9.1,0.5,0
수락산,2015-11-13 7:00,9.5,0.5,0
수락산,2015-11-13 8:00,9.9,0.6,0
수락산,2015-11-13 9:00,11,0,0
수락산,2015-11-13 10:00,13.5,2.6,0
수락산,2015-11-13 11:00,12,2.5,0.5
수락산,2015-11-13 12:00,11.3,2,0.5
수락산,2015-11-13 13:00,11.1,0.9,1.5
수락산,2015-11-13 14:00,10.7,0.3,1.5
수락산,2015-11-13 15:00,10.9,0.4,1.5
수락산,2015-11-13 16:00,10.4,0,1.5
수락산,2015-11-13 17:00,10.4,0.4,1.5
수락산,2015-11-13 18:00,10,0,2
수락산,2015-11-13 19:00,10.3,0.1,2.5
수락산,2015-11-13 20:00,10.2,0.2,1.5
수락산,2015-11-13 21:00,10.1,0.1,1.5
수락산,2015-11-13 22:00,10.1,0,1
수락산,2015-11-13 23:00,10.1,0.6,1.5
수락산,2015-11-14 0:00,10.2,0,1
수락산,2015-11-14 1:00,10.3,0,0.5
수락산,2015-11-14 2:00,10.3,0,0
수락산,2015-11-14 3:00,10.4,0,1
수락산,2015-11-14 4:00,10.6,0,0.5
수락산,2015-11-14 5:00,10.6,0,1.5
수락산,2015-11-14 6:00,10.6,0,1.5
수락산,2015-11-14 7:00,10.7,0,0.5
수락산,2015-11-14 8:00,10.9,0,0.5
수락산,2015-11-14 9:00,11.3,0.1,0
수락산,2015-11-14 10:00,11.8,0,0
수락산,2015-11-14 11:00,12.4,0,0
수락산,2015-11-14 12:00,12.7,0,0
수락산,2015-11-14 13:00,12.8,0,0
수락산,2015-11-14 14:00,13.2,0,0.5
수락산,2015-11-14 15:00,13.5,0.2,0
수락산,2015-11-14 16:00,13.7,0,0
수락산,2015-11-14 17:00,13.5,0,0
수락산,2015-11-14 18:00,13,0,0
수락산,2015-11-14 19:00,12.9,0,0
수락산,2015-11-14 20:00,13,0,0
수락산,2015-11-14 21:00,12.7,0,0
수락산,2015-11-14 22:00,12.2,0,0
수락산,2015-11-14 23:00,12.4,0.4,0
수락산,2015-11-15 0:00,12,0,0
수락산,2015-11-15 1:00,11.6,0,0
수락산,2015-11-15 2:00,11,0,0
수락산,2015-11-15 3:00,10.4,0,0
수락산,2015-11-15 4:00,10.8,0,0
수락산,2015-11-15 5:00,10.7,0,0
수락산,2015-11-15 6:00,9.8,0,0
수락산,2015-11-15 7:00,9.7,0,0
수락산,2015-11-15 8:00,9.1,0,0
수락산,2015-11-15 9:00,11.3,0,0
수락산,2015-11-15 10:00,13.6,0.1,0
수락산,2015-11-15 11:00,16.1,0.8,0
수락산,2015-11-15 12:00,16.9,2,0
수락산,2015-11-15 13:00,16.7,2.5,0
수락산,2015-11-15 14:00,16.3,1.7,0
수락산,2015-11-15 15:00,16.5,1.7,0
수락산,2015-11-15 16:00,15.8,1.3,0
수락산,2015-11-15 17:00,15.3,0.7,0
수락산,2015-11-15 18:00,14.7,0.7,0
수락산,2015-11-15 19:00,14.4,1.2,0
수락산,2015-11-15 20:00,14.1,1.2,0
수락산,2015-11-15 21:00,12.9,0,0
수락산,2015-11-15 22:00,11.9,0,0
수락산,2015-11-15 23:00,10.9,0,0
수락산,2015-11-16 0:00,10.3,0,0
수락산,2015-11-16 1:00,10,0,0
수락산,2015-11-16 2:00,9.7,0,0
수락산,2015-11-16 3:00,9.2,0,0
수락산,2015-11-16 4:00,9,0,0
수락산,2015-11-16 5:00,9,0,0
수락산,2015-11-16 6:00,9.2,0,0
수락산,2015-11-16 7:00,9.5,1.1,0
수락산,2015-11-16 8:00,9.8,0.1,0
수락산,2015-11-16 9:00,10.6,0.9,0
수락산,2015-11-16 10:00,11.9,0.7,0
수락산,2015-11-16 11:00,13.9,1,0
수락산,2015-11-16 12:00,14.5,1.6,0
수락산,2015-11-16 13:00,14.6,1.3,0
수락산,2015-11-16 14:00,13.8,1.5,0
수락산,2015-11-16 15:00,12.5,0.2,0.5
수락산,2015-11-16 16:00,12.8,0,0
수락산,2015-11-16 17:00,12.2,0,0.5
수락산,2015-11-16 18:00,11.8,0.6,0
수락산,2015-11-16 19:00,11.6,0.8,1
수락산,2015-11-16 20:00,11.4,0,0.5
수락산,2015-11-16 21:00,11.3,1.3,1.5
수락산,2015-11-16 22:00,11.3,0.6,1
수락산,2015-11-16 23:00,11.2,0.4,0.5
수락산,2015-11-17 0:00,11.2,0.5,0
수락산,2015-11-17 1:00,11.2,0.5,0
수락산,2015-11-17 2:00,11.1,0.6,0
수락산,2015-11-17 3:00,11.1,0.2,0
수락산,2015-11-17 4:00,10.8,0.9,0
수락산,2015-11-17 5:00,10.9,0.6,0
수락산,2015-11-17 6:00,10.7,0.5,0
수락산,2015-11-17 7:00,10.4,0.6,0
수락산,2015-11-17 8:00,10.1,0.1,0
수락산,2015-11-17 9:00,11.3,0.7,0
수락산,2015-11-17 10:00,12.4,1.5,0
수락산,2015-11-17 11:00,14.4,1.6,0
수락산,2015-11-17 12:00,16.5,2.4,0
수락산,2015-11-17 13:00,16.9,1.5,0
수락산,2015-11-17 14:00,18,2.9,0
수락산,2015-11-17 15:00,17.8,2.7,0
수락산,2015-11-17 16:00,16.4,0.9,0
수락산,2015-11-17 17:00,15.9,0.9,0
수락산,2015-11-17 18:00,13.4,0,0
수락산,2015-11-17 19:00,12.6,0.1,0
수락산,2015-11-17 20:00,11.4,0.4,0
수락산,2015-11-17 21:00,11.5,0,0
수락산,2015-11-17 22:00,10.7,0,0
수락산,2015-11-17 23:00,10.1,0,0
수락산,2015-11-18 0:00,9.9,0,0
수락산,2015-11-18 1:00,9.2,0,0
수락산,2015-11-18 2:00,9.9,0,0
수락산,2015-11-18 3:00,9.9,0.8,0
수락산,2015-11-18 4:00,11.2,0.6,0
수락산,2015-11-18 5:00,12.2,1.6,0
수락산,2015-11-18 6:00,12.9,2.1,0
수락산,2015-11-18 7:00,13,1.4,0
수락산,2015-11-18 8:00,12.7,1.3,0
수락산,2015-11-18 9:00,13,1.3,0
수락산,2015-11-18 10:00,12.8,1.7,0
수락산,2015-11-18 11:00,12,1.4,0
수락산,2015-11-18 12:00,11.3,2.3,0.5
수락산,2015-11-18 13:00,10.1,0.3,1
수락산,2015-11-18 14:00,9.8,1.2,2
수락산,2015-11-18 15:00,9.6,0.6,3
수락산,2015-11-18 16:00,9.1,0.8,1
수락산,2015-11-18 17:00,9,2.8,1
수락산,2015-11-18 18:00,8.9,1.5,0
수락산,2015-11-18 19:00,9.1,1.4,0
수락산,2015-11-18 20:00,8.6,1.1,0
수락산,2015-11-18 21:00,8.4,1.5,0
수락산,2015-11-18 22:00,7.7,1.4,0
수락산,2015-11-18 23:00,6.3,0.2,0
수락산,2015-11-19 0:00,5.5,0.1,0
수락산,2015-11-19 1:00,5,0,0
수락산,2015-11-19 2:00,4.4,0,0
수락산,2015-11-19 3:00,4.3,0,0
수락산,2015-11-19 4:00,3.7,0.5,0
수락산,2015-11-19 5:00,4.3,1.1,0
수락산,2015-11-19 6:00,4.9,0,0
수락산,2015-11-19 7:00,5.8,0,0
수락산,2015-11-19 8:00,6.4,0,0
수락산,2015-11-19 9:00,7,0.6,0
수락산,2015-11-19 10:00,7.9,0.5,0
수락산,2015-11-19 11:00,9.5,0.6,0
수락산,2015-11-19 12:00,10.3,0.7,0
수락산,2015-11-19 13:00,10.3,0.6,0
수락산,2015-11-19 14:00,10.4,0.9,0
수락산,2015-11-19 15:00,10.5,0.8,0
수락산,2015-11-19 16:00,10.3,0,0
수락산,2015-11-19 17:00,9.8,0,0
수락산,2015-11-19 18:00,9.7,0.5,0
수락산,2015-11-19 19:00,9.4,0.8,0
수락산,2015-11-19 20:00,9.3,0.4,0
수락산,2015-11-19 21:00,8.8,0.6,0
수락산,2015-11-19 22:00,8.6,0.7,0
수락산,2015-11-19 23:00,8.8,0,0
수락산,2015-11-20 0:00,8.9,0.6,0
수락산,2015-11-20 1:00,7.6,0,0
수락산,2015-11-20 2:00,7.5,0,0
수락산,2015-11-20 3:00,6.8,0,0
수락산,2015-11-20 4:00,5.7,0,0
수락산,2015-11-20 5:00,5.6,0,0
수락산,2015-11-20 6:00,5.8,0,0
수락산,2015-11-20 7:00,6.1,0,0
수락산,2015-11-20 8:00,6.5,0,0
수락산,2015-11-20 9:00,7.1,0,0
수락산,2015-11-20 10:00,8.6,0.4,0
수락산,2015-11-20 11:00,10.7,0.9,0
수락산,2015-11-20 12:00,11.3,0.7,0
수락산,2015-11-20 13:00,12.2,1.8,0
수락산,2015-11-20 14:00,12.5,1.1,0
수락산,2015-11-20 15:00,13.1,0.9,0
수락산,2015-11-20 16:00,12.3,1.4,0
수락산,2015-11-20 17:00,11.8,2.5,0
수락산,2015-11-20 18:00,10.1,1.3,0
수락산,2015-11-20 19:00,8.9,1.2,0
수락산,2015-11-20 20:00,8.4,0.8,0
수락산,2015-11-20 21:00,8.1,0.9,0
수락산,2015-11-20 22:00,7.1,0,0
수락산,2015-11-20 23:00,6.4,0,0
수락산,2015-11-21 0:00,5.9,0,0
수락산,2015-11-21 1:00,5.1,0,0
수락산,2015-11-21 2:00,5.5,0,0
수락산,2015-11-21 3:00,5,0,0
수락산,2015-11-21 4:00,4.5,0.5,0
수락산,2015-11-21 5:00,4.8,0.2,0
수락산,2015-11-21 6:00,4.5,1.2,0
수락산,2015-11-21 7:00,4.2,0.1,0
수락산,2015-11-21 8:00,4,0,0
수락산,2015-11-21 9:00,5.2,0.8,0
수락산,2015-11-21 10:00,7.6,0.6,0
수락산,2015-11-21 11:00,9.1,0.9,0
수락산,2015-11-21 12:00,11,0.7,0
수락산,2015-11-21 13:00,12.9,1.1,0
수락산,2015-11-21 14:00,13.4,0.9,0
수락산,2015-11-21 15:00,14.1,0.9,0
수락산,2015-11-21 16:00,13,3,0
수락산,2015-11-21 17:00,11.5,1.4,0
수락산,2015-11-21 18:00,9.6,0.3,0
수락산,2015-11-21 19:00,9,0.8,0
수락산,2015-11-21 20:00,8.6,0,0
수락산,2015-11-21 21:00,7.5,0.3,0
수락산,2015-11-21 22:00,6.5,0.1,0
수락산,2015-11-21 23:00,5.5,0,0
수락산,2015-11-22 0:00,5.2,0.1,0
수락산,2015-11-22 1:00,5.1,0,0
수락산,2015-11-22 2:00,4.7,0.4,0
수락산,2015-11-22 3:00,4.9,0.1,0
수락산,2015-11-22 4:00,4.3,0.1,0
수락산,2015-11-22 5:00,4.6,1,0
수락산,2015-11-22 6:00,3.8,0.1,0
수락산,2015-11-22 7:00,3.8,1.2,0
수락산,2015-11-22 8:00,4.4,0.7,0
수락산,2015-11-22 9:00,5.7,1.3,0
수락산,2015-11-22 10:00,8.4,0.4,0
수락산,2015-11-22 11:00,10.3,0.6,0
수락산,2015-11-22 12:00,11.9,0.9,0
수락산,2015-11-22 13:00,13.2,1.5,0
수락산,2015-11-22 14:00,13.5,1.2,0
수락산,2015-11-22 15:00,13.4,1.6,0
수락산,2015-11-22 16:00,13,0.9,0
수락산,2015-11-22 17:00,12.2,1.8,0
수락산,2015-11-22 18:00,10.4,1.6,0
수락산,2015-11-22 19:00,9.7,0.5,0
수락산,2015-11-22 20:00,9.4,0.4,0
수락산,2015-11-22 21:00,8.4,0,1
수락산,2015-11-22 22:00,8.1,0.8,1.5
수락산,2015-11-22 23:00,7.9,0.9,0.5
수락산,2015-11-23 0:00,7.8,0.4,1
수락산,2015-11-23 1:00,7.5,0.8,1
수락산,2015-11-23 2:00,7.2,2.1,2
수락산,2015-11-23 3:00,7,1.3,2
수락산,2015-11-23 4:00,6.7,1.1,1.5
수락산,2015-11-23 5:00,6.5,0.6,1
수락산,2015-11-23 6:00,6.2,1.2,1
수락산,2015-11-23 7:00,6,1.6,1
수락산,2015-11-23 8:00,6,1.2,0.5
수락산,2015-11-23 9:00,6.5,1.3,0
수락산,2015-11-23 10:00,7.8,0.8,0
수락산,2015-11-23 11:00,8.5,1,0
수락산,2015-11-23 12:00,8.8,1,0
수락산,2015-11-23 13:00,9.7,1.6,0
수락산,2015-11-23 14:00,10.6,0.5,0
수락산,2015-11-23 15:00,10.6,0,0
수락산,2015-11-23 16:00,10.3,1,0
수락산,2015-11-23 17:00,9.7,1.7,0
수락산,2015-11-23 18:00,9.2,0.8,0
수락산,2015-11-23 19:00,8.9,1.6,0
수락산,2015-11-23 20:00,8.6,0.7,0
수락산,2015-11-23 21:00,8.3,1.4,0
수락산,2015-11-23 22:00,8.1,1.3,0
수락산,2015-11-23 23:00,7.7,1.7,0
수락산,2015-11-24 0:00,7.1,3.2,0
수락산,2015-11-24 1:00,6,2.3,0
수락산,2015-11-24 2:00,5.2,1.9,0
수락산,2015-11-24 3:00,4.6,1.9,0
수락산,2015-11-24 4:00,,,0
수락산,2015-11-24 17:00,8.5,1.5,
수락산,2015-11-24 18:00,8.3,1.7,0
수락산,2015-11-24 19:00,7.8,2.1,0
수락산,2015-11-24 20:00,7.3,2.5,0
수락산,2015-11-24 21:00,6.9,2.2,0
수락산,2015-11-24 22:00,6.4,0.9,0
수락산,2015-11-24 23:00,5.6,2.3,0
수락산,2015-11-25 0:00,4,1.4,1
수락산,2015-11-25 1:00,3.4,1.6,1
수락산,2015-11-25 2:00,3,1,1.5
수락산,2015-11-25 3:00,2.2,1.1,2
수락산,2015-11-25 4:00,1.6,0.4,1.5
수락산,2015-11-25 5:00,0.7,0.3,1.5
수락산,2015-11-25 6:00,0.4,0,1
수락산,2015-11-25 7:00,0.2,0,1.5
수락산,2015-11-25 8:00,0.4,0,0.5
수락산,2015-11-25 9:00,0.9,0,0
수락산,2015-11-25 10:00,2,0.3,0
수락산,2015-11-25 11:00,2.2,0.2,0.5
수락산,2015-11-25 12:00,2.4,0,0
수락산,2015-11-25 13:00,2.6,0.6,0
수락산,2015-11-25 14:00,3.6,0.1,0
수락산,2015-11-25 15:00,3.8,0.9,0
수락산,2015-11-25 16:00,3.6,2.1,0
수락산,2015-11-25 17:00,3.2,0.2,0
수락산,2015-11-25 18:00,3,1.3,0
수락산,2015-11-25 19:00,2.8,0.9,0
수락산,2015-11-25 20:00,2.2,1.8,0.5
수락산,2015-11-25 21:00,2.1,2.3,0
수락산,2015-11-25 22:00,2,1.4,0
수락산,2015-11-25 23:00,1.4,2.9,0
수락산,2015-11-26 0:00,0.4,1.3,0
수락산,2015-11-26 1:00,-0.2,0.8,0
수락산,2015-11-26 2:00,-0.5,1.2,0
수락산,2015-11-26 3:00,-1.2,0.5,0
수락산,2015-11-26 4:00,-1.6,0.7,0
수락산,2015-11-26 5:00,-0.8,2.4,0
수락산,2015-11-26 6:00,-1.2,1.8,0
수락산,2015-11-26 7:00,-2,2.3,0
수락산,2015-11-26 8:00,-2.6,2.7,0
수락산,2015-11-26 9:00,-2.2,2.9,0
수락산,2015-11-26 10:00,-2.5,2.6,0
수락산,2015-11-26 11:00,-2.2,2.6,0
수락산,2015-11-26 12:00,-2.2,2.1,0
수락산,2015-11-26 13:00,-2.8,2.6,0
수락산,2015-11-26 14:00,-2.8,2.2,0
수락산,2015-11-26 15:00,-2.6,3.5,0
수락산,2015-11-26 16:00,-2.9,2.7,0
수락산,2015-11-26 17:00,-3,1.8,0
수락산,2015-11-26 18:00,-3.1,2.8,0
수락산,2015-11-26 19:00,-3.2,2.4,0
수락산,2015-11-26 20:00,-3.6,3.4,0
수락산,2015-11-26 21:00,-3.6,2.5,0
수락산,2015-11-26 22:00,-3.7,3.4,0
수락산,2015-11-26 23:00,-4.1,2.2,0
수락산,2015-11-27 0:00,-4.6,2,0
수락산,2015-11-27 1:00,-5.1,2.1,0
수락산,2015-11-27 2:00,-5.7,1.5,0
수락산,2015-11-27 3:00,-6,2.7,0
수락산,2015-11-27 4:00,-6.8,1.2,0
수락산,2015-11-27 5:00,-7,0.8,0
수락산,2015-11-27 6:00,-7.4,0.1,0
수락산,2015-11-27 7:00,-7.8,0,0
수락산,2015-11-27 8:00,-6.9,0.9,0
수락산,2015-11-27 9:00,-5.8,1.2,0
수락산,2015-11-27 10:00,-5,0.9,0
수락산,2015-11-27 11:00,-3.5,0,0
수락산,2015-11-27 12:00,-1.9,1.2,0
수락산,2015-11-27 13:00,-0.1,1.9,0
수락산,2015-11-27 14:00,0.7,1.6,0
수락산,2015-11-27 15:00,1.2,2,0
수락산,2015-11-27 16:00,0.4,1.5,0
수락산,2015-11-27 17:00,-0.3,0.9,0
수락산,2015-11-27 18:00,-0.8,0.8,0
수락산,2015-11-27 19:00,-1.8,0.2,0
수락산,2015-11-27 20:00,-1.8,0.2,0
수락산,2015-11-27 21:00,-2.5,0.3,0
수락산,2015-11-27 22:00,-2.7,0.8,0
수락산,2015-11-27 23:00,-3.3,0,0
수락산,2015-11-28 0:00,-3.2,0,0
수락산,2015-11-28 1:00,-2.7,0,0
수락산,2015-11-28 2:00,-2.6,0,0
수락산,2015-11-28 3:00,-2.6,0,0
수락산,2015-11-28 4:00,-2.3,0,0
수락산,2015-11-28 5:00,-2.1,0,0
수락산,2015-11-28 6:00,-2,0,0
수락산,2015-11-28 7:00,-1.6,0,0
수락산,2015-11-28 8:00,-1.7,0,0
수락산,2015-11-28 9:00,-1.9,0,0
수락산,2015-11-28 10:00,-1.6,0,0
수락산,2015-11-28 11:00,-0.9,0,0
수락산,2015-11-28 12:00,-0.2,0,0
수락산,2015-11-28 13:00,0.8,0,0
수락산,2015-11-28 14:00,1.5,0.2,0
수락산,2015-11-28 15:00,1.9,0.1,0
수락산,2015-11-28 16:00,2.1,0,0
수락산,2015-11-28 17:00,1,0,0
수락산,2015-11-28 18:00,0.3,0,0
수락산,2015-11-28 19:00,-0.5,0,0
수락산,2015-11-28 20:00,-0.7,0.2,0
수락산,2015-11-28 21:00,-1.1,0,0
수락산,2015-11-28 22:00,-1.6,0.1,0
수락산,2015-11-28 23:00,-1,0,0
수락산,2015-11-29 0:00,-0.5,0,0
수락산,2015-11-29 1:00,0.4,0.1,0
수락산,2015-11-29 2:00,0.5,0.1,0
수락산,2015-11-29 3:00,0.8,0,0
수락산,2015-11-29 4:00,0.8,0.1,0
수락산,2015-11-29 5:00,0.8,0,0
수락산,2015-11-29 6:00,0.6,0,0
수락산,2015-11-29 7:00,0.6,0,0
수락산,2015-11-29 8:00,0.7,0,0
수락산,2015-11-29 9:00,0.8,0,0
수락산,2015-11-29 10:00,1.9,0.1,0
수락산,2015-11-29 11:00,1.8,0.1,0
수락산,2015-11-29 12:00,1.8,0.1,0.5
수락산,2015-11-29 13:00,2.7,0.1,0
수락산,2015-11-29 14:00,3.1,0.6,0
수락산,2015-11-29 15:00,3.2,0.2,0
수락산,2015-11-29 16:00,3.5,0.9,0
수락산,2015-11-29 17:00,3.4,0.6,0
수락산,2015-11-29 18:00,3.3,0,0
수락산,2015-11-29 19:00,3.4,0.7,0
수락산,2015-11-29 20:00,3.3,0.7,0
수락산,2015-11-29 21:00,3.5,0.8,0
수락산,2015-11-29 22:00,3.6,0.1,2
수락산,2015-11-29 23:00,3.5,1.1,0
수락산,2015-11-30 0:00,3.6,0.1,0
수락산,2015-11-30 1:00,3.4,0.2,0
수락산,2015-11-30 2:00,3.2,0,0
수락산,2015-11-30 3:00,3.5,0,0
수락산,2015-11-30 4:00,4,1.5,0
수락산,2015-11-30 5:00,3.7,0,0
수락산,2015-11-30 6:00,3.6,0,0
수락산,2015-11-30 7:00,2.9,0,0
수락산,2015-11-30 8:00,2.7,0,0
수락산,2015-11-30 9:00,3.3,0,0
수락산,2015-11-30 10:00,3.9,0.6,0
수락산,2015-11-30 11:00,5.1,1.1,0
수락산,2015-11-30 12:00,6.4,0.9,0
수락산,2015-11-30 13:00,7.4,1.5,0
수락산,2015-11-30 14:00,7.7,1.5,0
수락산,2015-11-30 15:00,7.6,0.6,0
수락산,2015-11-30 16:00,6.5,1,0
수락산,2015-11-30 17:00,5.2,0.7,0
수락산,2015-11-30 18:00,3.5,1,0
수락산,2015-11-30 19:00,2,0.1,0
수락산,2015-11-30 20:00,1.6,0,0
수락산,2015-11-30 21:00,0.9,0,0
수락산,2015-11-30 22:00,-0.2,0,0
수락산,2015-11-30 23:00,-0.7,0,0
수락산,2015-12-01 0:00,-1.8,0,0
수락산,2015-12-01 1:00,-1.6,0,0
수락산,2015-12-01 2:00,-2.4,0,0
수락산,2015-12-01 3:00,-2.4,0,0
수락산,2015-12-01 4:00,-2.7,0,0
수락산,2015-12-01 5:00,-2.9,0,0
수락산,2015-12-01 6:00,-3.1,0,0
수락산,2015-12-01 7:00,-3.4,0,0
수락산,2015-12-01 8:00,-2.9,0,0
수락산,2015-12-01 9:00,-1.3,0,0
수락산,2015-12-01 10:00,1.3,0,0
수락산,2015-12-01 11:00,3.9,1,0
수락산,2015-12-01 12:00,6.5,0.8,0
수락산,2015-12-01 13:00,7.9,1.2,0
수락산,2015-12-01 14:00,8.6,1.8,0
수락산,2015-12-01 15:00,9.5,1.6,0
수락산,2015-12-01 16:00,8.8,1.4,0
수락산,2015-12-01 17:00,6.2,0.1,0
수락산,2015-12-01 18:00,4,0.6,0
수락산,2015-12-01 19:00,3.6,0,0
수락산,2015-12-01 20:00,2.2,0.5,0
수락산,2015-12-01 21:00,1.5,0,0
수락산,2015-12-01 22:00,2,0.4,0
수락산,2015-12-01 23:00,1.2,0,0
수락산,2015-12-02 0:00,2.6,0,0
수락산,2015-12-02 1:00,2.2,1.2,0
수락산,2015-12-02 2:00,3.8,0.4,0
수락산,2015-12-02 3:00,4.6,0.4,0
수락산,2015-12-02 4:00,5.4,0.6,0
수락산,2015-12-02 5:00,5.7,0.4,0
수락산,2015-12-02 6:00,5.7,0.3,0
수락산,2015-12-02 7:00,4.8,0.5,1
수락산,2015-12-02 8:00,5.4,1.5,2.5
수락산,2015-12-02 9:00,5.7,1.8,3.5
수락산,2015-12-02 10:00,6.4,2,3.5
수락산,2015-12-02 11:00,7.2,2.1,4.5
수락산,2015-12-02 12:00,7.6,0,3
수락산,2015-12-02 13:00,8.1,0,2.5
수락산,2015-12-02 14:00,8.2,1.5,0.5
수락산,2015-12-02 15:00,8.7,1.3,0
수락산,2015-12-02 16:00,8.6,1.5,0
수락산,2015-12-02 17:00,8,2.9,0
수락산,2015-12-02 18:00,7,2.6,0
수락산,2015-12-02 19:00,5.7,2.1,0
수락산,2015-12-02 20:00,4.7,3.2,0
수락산,2015-12-02 21:00,4.4,2.2,0
수락산,2015-12-02 22:00,4.1,2.3,0
수락산,2015-12-02 23:00,4.2,1.6,0
수락산,2015-12-03 0:00,3.6,2.5,0
수락산,2015-12-03 1:00,3.3,3.8,0
수락산,2015-12-03 2:00,1.8,2.7,0
수락산,2015-12-03 3:00,1.1,2.2,0
수락산,2015-12-03 4:00,0.2,1.6,0
수락산,2015-12-03 5:00,0.2,0.9,0
수락산,2015-12-03 6:00,0.4,1,0
수락산,2015-12-03 7:00,0.5,1.5,0
수락산,2015-12-03 8:00,-0.3,0.7,0
수락산,2015-12-03 9:00,1.5,1.4,0
수락산,2015-12-03 10:00,1.7,2.4,0
수락산,2015-12-03 11:00,1.4,2.9,0
수락산,2015-12-03 12:00,2.4,2.4,0
수락산,2015-12-03 13:00,2.5,2.7,0
수락산,2015-12-03 14:00,1.5,2.5,0
수락산,2015-12-03 15:00,0.3,4,0
수락산,2015-12-03 16:00,0.5,3.6,0
수락산,2015-12-03 17:00,-0.3,3.3,0
수락산,2015-12-03 18:00,-1.5,2.6,0
수락산,2015-12-03 19:00,-2.1,4.8,0
수락산,2015-12-03 20:00,-3,4.7,0
수락산,2015-12-03 21:00,-2.7,3,0
수락산,2015-12-03 22:00,-2.6,4.7,0
수락산,2015-12-03 23:00,-2.8,3.1,0
수락산,2015-12-04 0:00,-3,2.3,0
수락산,2015-12-04 1:00,-3.1,2.6,0
수락산,2015-12-04 2:00,-3.3,2.1,0
수락산,2015-12-04 3:00,-3.9,2.1,0
수락산,2015-12-04 4:00,-4.2,1.6,0
수락산,2015-12-04 5:00,-4,1.1,0
수락산,2015-12-04 6:00,-3.9,1.4,0
수락산,2015-12-04 7:00,-3.5,0.1,0
수락산,2015-12-04 8:00,-3,1.5,0
수락산,2015-12-04 9:00,-2.1,0.1,0
수락산,2015-12-04 10:00,-1.2,1.7,0
수락산,2015-12-04 11:00,-0.8,1.4,0
수락산,2015-12-04 12:00,1.4,1.4,0
수락산,2015-12-04 13:00,2.7,2.7,0
수락산,2015-12-04 14:00,3.2,1.8,0
수락산,2015-12-04 15:00,3.3,1.5,0
수락산,2015-12-04 16:00,2.1,2.3,0
수락산,2015-12-04 17:00,1.9,2.7,0
수락산,2015-12-04 18:00,1.4,0.5,0
수락산,2015-12-04 19:00,1.1,1.2,0
수락산,2015-12-04 20:00,-0.7,0,0
수락산,2015-12-04 21:00,-1.3,0,0
수락산,2015-12-04 22:00,-1,0,0
수락산,2015-12-04 23:00,-0.8,0,0
수락산,2015-12-05 0:00,-1.2,0,0
수락산,2015-12-05 1:00,-0.7,0.2,0
수락산,2015-12-05 2:00,-0.4,0,0
수락산,2015-12-05 3:00,0.3,0.1,0
수락산,2015-12-05 4:00,0.4,0.1,0
수락산,2015-12-05 5:00,0.8,0,0
수락산,2015-12-05 6:00,0.9,0,0
수락산,2015-12-05 7:00,0.1,0,0
수락산,2015-12-05 8:00,-0.4,0.1,0
수락산,2015-12-05 9:00,2.1,0,0
수락산,2015-12-05 10:00,5.5,1.6,0
수락산,2015-12-05 11:00,6.1,2.6,0
수락산,2015-12-05 12:00,6.4,2.6,0
수락산,2015-12-05 13:00,6.9,2.9,0
수락산,2015-12-05 14:00,6.9,3.5,0
수락산,2015-12-05 15:00,6.4,3.1,0
수락산,2015-12-05 16:00,5.5,1.8,0
수락산,2015-12-05 17:00,4.3,0.7,0
수락산,2015-12-05 18:00,3.4,0.4,0
수락산,2015-12-05 19:00,2.9,1.8,0
수락산,2015-12-05 20:00,2.2,1,0
수락산,2015-12-05 21:00,1.2,1.6,0
수락산,2015-12-05 22:00,0.5,0.8,0
수락산,2015-12-05 23:00,0.1,0.7,0
수락산,2015-12-06 0:00,0,0.4,0
수락산,2015-12-06 1:00,0.2,1.4,0
수락산,2015-12-06 2:00,-0.3,0.2,0
수락산,2015-12-06 3:00,-1.1,0,0
수락산,2015-12-06 4:00,-1.3,0.3,0
수락산,2015-12-06 5:00,-1.5,0,0
수락산,2015-12-06 6:00,-2.3,0,0
수락산,2015-12-06 7:00,-2.2,0,0
수락산,2015-12-06 8:00,-3.1,0,0
수락산,2015-12-06 9:00,-2.5,0,0
수락산,2015-12-06 10:00,0.1,0,0
수락산,2015-12-06 11:00,1.7,0.1,0
수락산,2015-12-06 12:00,2.9,0.3,0
수락산,2015-12-06 13:00,3.6,0.4,0
수락산,2015-12-06 14:00,4.9,0,0
수락산,2015-12-06 15:00,5.4,0,0
수락산,2015-12-06 16:00,5.3,0.1,0
수락산,2015-12-06 17:00,4.2,0.4,0
수락산,2015-12-06 18:00,3.1,0.4,0
수락산,2015-12-06 19:00,0.2,0,0
수락산,2015-12-06 20:00,-0.8,0,0
수락산,2015-12-06 21:00,-1.9,0,0
수락산,2015-12-06 22:00,-2.2,0,0
수락산,2015-12-06 23:00,-2.8,0,0
수락산,2015-12-07 0:00,-3.7,0,0
수락산,2015-12-07 1:00,-3.8,0,0
수락산,2015-12-07 2:00,-4.1,0,0
수락산,2015-12-07 3:00,-3.7,0,0
수락산,2015-12-07 4:00,-4.8,0,0
수락산,2015-12-07 5:00,-5.1,0,0
수락산,2015-12-07 6:00,-5.3,0,0
수락산,2015-12-07 7:00,-5.1,0,0
수락산,2015-12-07 8:00,-5.5,0,0
수락산,2015-12-07 9:00,-3,0,0
수락산,2015-12-07 10:00,0.4,0,0
수락산,2015-12-07 11:00,3.4,0,0
수락산,2015-12-07 12:00,5.4,0.1,0
수락산,2015-12-07 13:00,7.2,0.2,0
수락산,2015-12-07 14:00,7,0.1,0
수락산,2015-12-07 15:00,7.3,2.1,0
수락산,2015-12-07 16:00,5.7,0.7,0
수락산,2015-12-07 17:00,4.5,0.6,0
수락산,2015-12-07 18:00,3.7,0.1,0
수락산,2015-12-07 19:00,3.3,0,0
수락산,2015-12-07 20:00,2.6,0,0
수락산,2015-12-07 21:00,2.3,0,0
수락산,2015-12-07 22:00,1.6,0,0
수락산,2015-12-07 23:00,1.1,0,0
수락산,2015-12-08 0:00,0.2,0,0
수락산,2015-12-08 1:00,-0.2,0,0
수락산,2015-12-08 2:00,-1,0,0
수락산,2015-12-08 3:00,-2,0,0
수락산,2015-12-08 4:00,-2.1,0,0
수락산,2015-12-08 5:00,-2.6,0,0
수락산,2015-12-08 6:00,-3,0,0
수락산,2015-12-08 7:00,-3.6,0,0
수락산,2015-12-08 8:00,-3.2,0,0
수락산,2015-12-08 9:00,-1.8,0,0
수락산,2015-12-08 10:00,0.9,0,0
수락산,2015-12-08 11:00,3.5,0.1,0
수락산,2015-12-08 12:00,6,0.1,0
수락산,2015-12-08 13:00,6.7,0.2,0
수락산,2015-12-08 14:00,7.5,0.3,0
수락산,2015-12-08 15:00,7.9,0.6,0
수락산,2015-12-08 16:00,6.4,0,0
수락산,2015-12-08 17:00,4.6,0,0
수락산,2015-12-08 18:00,3.2,0,0
수락산,2015-12-08 19:00,1.5,0,0
수락산,2015-12-08 20:00,0.7,0,0
수락산,2015-12-08 21:00,-0.3,0,0
수락산,2015-12-08 22:00,-0.6,0,0
수락산,2015-12-08 23:00,-1.8,0,0
수락산,2015-12-09 0:00,-1.9,0,0
수락산,2015-12-09 1:00,-2.7,0,0
수락산,2015-12-09 2:00,-2.9,0,0
수락산,2015-12-09 3:00,-3.1,0,0
수락산,2015-12-09 4:00,-3.2,0,0
수락산,2015-12-09 5:00,-3.3,0,0
수락산,2015-12-09 6:00,-4,0,0
수락산,2015-12-09 7:00,-3.8,0,0
수락산,2015-12-09 8:00,-3.4,0,0
수락산,2015-12-09 9:00,-2,0,0
수락산,2015-12-09 10:00,1.1,0,0
수락산,2015-12-09 11:00,3.1,0.2,0
수락산,2015-12-09 12:00,7.1,0.1,0
수락산,2015-12-09 13:00,9.7,0.8,0
수락산,2015-12-09 14:00,10.7,1,0
수락산,2015-12-09 15:00,10.6,1.4,0
수락산,2015-12-09 16:00,9.3,0.1,0
수락산,2015-12-09 17:00,7.9,0.1,0
수락산,2015-12-09 18:00,6.7,0,0
수락산,2015-12-09 19:00,5.7,0.4,0
수락산,2015-12-09 20:00,3.6,0,0
수락산,2015-12-09 21:00,3.8,0,0
수락산,2015-12-09 22:00,3.3,0,0
수락산,2015-12-09 23:00,3.9,0.1,0
수락산,2015-12-10 0:00,3.2,0.2,0
수락산,2015-12-10 1:00,3.8,0.1,0
수락산,2015-12-10 2:00,3.5,0,0
수락산,2015-12-10 3:00,3.7,0,0
수락산,2015-12-10 4:00,3.8,0,0
수락산,2015-12-10 5:00,3.4,0,0
수락산,2015-12-10 6:00,3.6,0.5,0
수락산,2015-12-10 7:00,4.1,0,0
수락산,2015-12-10 8:00,5,0,0
수락산,2015-12-10 9:00,5.5,0.2,0
수락산,2015-12-10 10:00,7.1,0.2,0
수락산,2015-12-10 11:00,9.2,0.3,0
수락산,2015-12-10 12:00,9.5,0.3,0
수락산,2015-12-10 13:00,9.3,0.1,0
수락산,2015-12-10 14:00,9.4,0.6,0
수락산,2015-12-10 15:00,8.3,0.5,0
수락산,2015-12-10 16:00,7.4,0.2,0
수락산,2015-12-10 17:00,6.4,0.1,0
수락산,2015-12-10 18:00,6.3,0.4,0
수락산,2015-12-10 19:00,6.5,0.9,0
수락산,2015-12-10 20:00,6.3,0.5,0
수락산,2015-12-10 21:00,6.2,1.2,0
수락산,2015-12-10 22:00,5.8,0.4,0
수락산,2015-12-10 23:00,5.2,1.2,0
수락산,2015-12-11 0:00,4,0,0
수락산,2015-12-11 1:00,3.8,0.5,0
수락산,2015-12-11 2:00,3.9,0.6,0
수락산,2015-12-11 3:00,2.3,0,0
수락산,2015-12-11 4:00,2.5,0,0
수락산,2015-12-11 5:00,2.4,0,0
수락산,2015-12-11 6:00,2.8,0,0
수락산,2015-12-11 7:00,1.2,0,0
수락산,2015-12-11 8:00,1.7,0.8,0
수락산,2015-12-11 9:00,2.7,0.7,0
수락산,2015-12-11 10:00,6,0.9,0
수락산,2015-12-11 11:00,8.8,1,0
수락산,2015-12-11 12:00,11.2,2.4,0
수락산,2015-12-11 13:00,10.8,2.2,0
수락산,2015-12-11 14:00,11,2.6,0
수락산,2015-12-11 15:00,10.8,2.5,0
수락산,2015-12-11 16:00,9.7,2.5,0
수락산,2015-12-11 17:00,8.9,2.3,0
수락산,2015-12-11 18:00,7.8,2.6,0
수락산,2015-12-11 19:00,5.8,0.8,0
수락산,2015-12-11 20:00,5.1,0.4,0
수락산,2015-12-11 21:00,3,0.5,0
수락산,2015-12-11 22:00,1.9,0,0
수락산,2015-12-11 23:00,1.2,1,0
수락산,2015-12-12 0:00,0.3,0.8,0
수락산,2015-12-12 1:00,0,0.3,0
수락산,2015-12-12 2:00,-1.2,0.3,0
수락산,2015-12-12 3:00,-1.6,0.3,0
수락산,2015-12-12 4:00,-1.4,0.4,0
수락산,2015-12-12 5:00,-1.9,0.4,0
수락산,2015-12-12 6:00,-1.9,0,0
수락산,2015-12-12 7:00,-3,0.7,0
수락산,2015-12-12 8:00,-2.3,0,0
수락산,2015-12-12 9:00,-0.6,0.2,0
수락산,2015-12-12 10:00,2.6,0.3,0
수락산,2015-12-12 11:00,5.7,0.8,0
수락산,2015-12-12 12:00,7.4,1.9,0
수락산,2015-12-12 13:00,8.5,1.8,0
수락산,2015-12-12 14:00,9.1,2.1,0
수락산,2015-12-12 15:00,9.4,1,0
수락산,2015-12-12 16:00,7.6,1.2,0
수락산,2015-12-12 17:00,6.3,0,0
수락산,2015-12-12 18:00,4.4,0,0
수락산,2015-12-12 19:00,3.3,0,0
수락산,2015-12-12 20:00,2.1,0,0
수락산,2015-12-12 21:00,1.6,1,0
수락산,2015-12-12 22:00,0.5,0,0
수락산,2015-12-12 23:00,0.7,0,0
수락산,2015-12-13 0:00,-0.2,0,0
수락산,2015-12-13 1:00,-1,0,0
수락산,2015-12-13 2:00,-1,0,0
수락산,2015-12-13 3:00,-0.3,0,0
수락산,2015-12-13 4:00,-0.2,0.9,0
수락산,2015-12-13 5:00,-1.1,0,0
수락산,2015-12-13 6:00,-1.5,0,0
수락산,2015-12-13 7:00,-2.4,0.4,0
수락산,2015-12-13 8:00,-2.2,0,0
수락산,2015-12-13 9:00,-0.3,0,0
수락산,2015-12-13 10:00,2.5,0.2,0
수락산,2015-12-13 11:00,5.2,0.9,0
수락산,2015-12-13 12:00,7.1,0.7,0
수락산,2015-12-13 13:00,8.9,1.6,0
수락산,2015-12-13 14:00,9.5,1.1,0
수락산,2015-12-13 15:00,9.9,1.3,0
수락산,2015-12-13 16:00,8.4,0.3,0
수락산,2015-12-13 17:00,6.9,0,0
수락산,2015-12-13 18:00,5.3,0,0
수락산,2015-12-13 19:00,3.9,0,0
수락산,2015-12-13 20:00,2.6,0,0
수락산,2015-12-13 21:00,1.7,0,0
수락산,2015-12-13 22:00,0.6,0,0
수락산,2015-12-13 23:00,0,0,0
수락산,2015-12-14 0:00,-0.3,0,0
수락산,2015-12-14 1:00,-0.8,0,0
수락산,2015-12-14 2:00,0.2,0.3,0
수락산,2015-12-14 3:00,-0.4,0,0
수락산,2015-12-14 4:00,0.4,0.3,0
수락산,2015-12-14 5:00,1,0,0
수락산,2015-12-14 6:00,1.6,0,0
수락산,2015-12-14 7:00,1.8,0,0
수락산,2015-12-14 8:00,2.1,0,0
수락산,2015-12-14 9:00,3,0.4,0
수락산,2015-12-14 10:00,4.1,0,0
수락산,2015-12-14 11:00,5.2,0,0
수락산,2015-12-14 12:00,5.4,0.7,0
수락산,2015-12-14 13:00,6.4,0.3,0
수락산,2015-12-14 14:00,5.7,0.3,0
수락산,2015-12-14 15:00,5.3,0,0.5
수락산,2015-12-14 16:00,5.1,0,0
수락산,2015-12-14 17:00,4.6,0,0.5
수락산,2015-12-14 18:00,4.6,0.8,0
수락산,2015-12-14 19:00,4.4,0.8,0
수락산,2015-12-14 20:00,4.4,0,0
수락산,2015-12-14 21:00,4.3,0,0
수락산,2015-12-14 22:00,4.3,0.2,0
수락산,2015-12-14 23:00,4.4,0.8,0
수락산,2015-12-15 0:00,4.1,0,0
수락산,2015-12-15 1:00,4.5,0.9,0
수락산,2015-12-15 2:00,4.2,0,0
수락산,2015-12-15 3:00,4.1,0,0
수락산,2015-12-15 4:00,3.6,0.1,0
수락산,2015-12-15 5:00,3.9,0.7,0
수락산,2015-12-15 6:00,4,1.3,0
수락산,2015-12-15 7:00,3.1,0.6,0
수락산,2015-12-15 8:00,2.9,0,0
수락산,2015-12-15 9:00,3.1,0.9,0
수락산,2015-12-15 10:00,4.3,0.4,0
수락산,2015-12-15 11:00,5.4,0.3,0
수락산,2015-12-15 12:00,6.5,1.9,0
수락산,2015-12-15 13:00,7.1,2.2,0
수락산,2015-12-15 14:00,7.3,2.3,0
수락산,2015-12-15 15:00,6.9,2.8,0
수락산,2015-12-15 16:00,6.8,2,0
수락산,2015-12-15 17:00,6.2,1.6,0
수락산,2015-12-15 18:00,5.4,2.2,0
수락산,2015-12-15 19:00,5.5,,0
수락산,2015-12-15 20:00,4.9,1.7,0
수락산,2015-12-15 21:00,3.6,3.6,0
수락산,2015-12-15 22:00,2.9,3.3,0
수락산,2015-12-15 23:00,2.1,1.1,0
수락산,2015-12-16 0:00,1.9,0.9,0
수락산,2015-12-16 1:00,2,1.6,0
수락산,2015-12-16 2:00,1.8,1.6,0
수락산,2015-12-16 3:00,1.4,2,0
수락산,2015-12-16 4:00,0.6,1.9,0
수락산,2015-12-16 5:00,0.3,3,0
수락산,2015-12-16 6:00,-0.7,2.6,0
수락산,2015-12-16 7:00,-1.8,1.4,0
수락산,2015-12-16 8:00,-2.6,0.4,0
수락산,2015-12-16 9:00,-0.8,1.4,0
수락산,2015-12-16 10:00,-0.1,2.4,0
수락산,2015-12-16 11:00,0.9,2,0
수락산,2015-12-16 12:00,1.2,4.3,0
수락산,2015-12-16 13:00,1.6,4.3,0
수락산,2015-12-16 14:00,1.8,3.7,0
수락산,2015-12-16 15:00,2.1,3.5,0
수락산,2015-12-16 16:00,0,3,0
수락산,2015-12-16 17:00,-0.8,3.4,0
수락산,2015-12-16 18:00,-1.9,3.1,0
수락산,2015-12-16 19:00,-2.7,3.3,0
수락산,2015-12-16 20:00,-3.3,1.8,0
수락산,2015-12-16 21:00,-3.8,2.5,0
수락산,2015-12-16 22:00,-4,3.5,0
수락산,2015-12-16 23:00,-4.5,1.8,0
수락산,2015-12-17 0:00,-4.9,2,0
수락산,2015-12-17 1:00,-5.5,1.3,0
수락산,2015-12-17 2:00,-6.1,1.3,0
수락산,2015-12-17 3:00,-5.8,2.4,0
수락산,2015-12-17 4:00,-6.6,1,0
수락산,2015-12-17 5:00,-7.1,0.6,0
수락산,2015-12-17 6:00,-7.6,0.6,0
수락산,2015-12-17 7:00,-7.2,1.3,0
수락산,2015-12-17 8:00,-8,0.4,0
수락산,2015-12-17 9:00,-6.3,1.7,0
수락산,2015-12-17 10:00,-5.6,3.6,0
수락산,2015-12-17 11:00,-4.4,2.2,0
수락산,2015-12-17 12:00,-3.6,1.9,0
수락산,2015-12-17 13:00,-2.4,1.8,0
수락산,2015-12-17 14:00,-2,2.1,0
수락산,2015-12-17 15:00,-1.3,2.2,0
수락산,2015-12-17 16:00,-1.8,1.5,0
수락산,2015-12-17 17:00,-2.6,0.7,0
수락산,2015-12-17 18:00,-3.2,1,0
수락산,2015-12-17 19:00,-3.8,0.2,0
수락산,2015-12-17 20:00,-4.2,0.6,0
수락산,2015-12-17 21:00,-4.8,0.1,0
수락산,2015-12-17 22:00,-6.7,0,0
수락산,2015-12-17 23:00,-7.2,0.1,0
수락산,2015-12-18 0:00,-7.9,0,0
수락산,2015-12-18 1:00,-7.8,0,0
수락산,2015-12-18 2:00,-8.5,0,0
수락산,2015-12-18 3:00,-8.8,0,0
수락산,2015-12-18 4:00,-9.2,0,0
수락산,2015-12-18 5:00,-9.6,0,0
수락산,2015-12-18 6:00,-9.5,0,0
수락산,2015-12-18 7:00,-9.3,0.8,0
수락산,2015-12-18 8:00,-8.3,0.7,0
수락산,2015-12-18 9:00,-6.2,0,0
수락산,2015-12-18 10:00,-4.5,0.6,0
수락산,2015-12-18 11:00,-3.5,1.1,0
수락산,2015-12-18 12:00,-2.9,0.2,0
수락산,2015-12-18 13:00,-2.6,0,0
수락산,2015-12-18 14:00,-1.9,0,0
수락산,2015-12-18 15:00,-1.7,0,0
수락산,2015-12-18 16:00,-1.7,0,0
수락산,2015-12-18 17:00,-1.5,0,0
수락산,2015-12-18 18:00,-1.6,0,0
수락산,2015-12-18 19:00,-1.4,0,0
수락산,2015-12-18 20:00,-1.7,0,0
수락산,2015-12-18 21:00,-1.4,0,0
수락산,2015-12-18 22:00,-2,0,0
수락산,2015-12-18 23:00,-3,0,0
수락산,2015-12-19 0:00,-3,0,0
수락산,2015-12-19 1:00,-2.5,0,0
수락산,2015-12-19 2:00,-2.9,0,0
수락산,2015-12-19 3:00,-4.3,0,0
수락산,2015-12-19 4:00,-5,0,0
수락산,2015-12-19 5:00,-5.6,0,0
수락산,2015-12-19 6:00,-6,0,0
수락산,2015-12-19 7:00,-6.2,0,0
수락산,2015-12-19 8:00,-6.3,0,0
수락산,2015-12-19 9:00,-5.1,0,0
수락산,2015-12-19 10:00,-2.2,0,0
수락산,2015-12-19 11:00,0.2,0.7,0
수락산,2015-12-19 12:00,2.6,0.4,0
수락산,2015-12-19 13:00,3.8,0.6,0
수락산,2015-12-19 14:00,4.5,0.3,0
수락산,2015-12-19 15:00,4.8,0.5,0
수락산,2015-12-19 16:00,4.2,0.4,0
수락산,2015-12-19 17:00,2.1,0,0
수락산,2015-12-19 18:00,0.3,0,0
수락산,2015-12-19 19:00,-0.6,0,0
수락산,2015-12-19 20:00,-1.4,0,0
수락산,2015-12-19 21:00,-2.5,0,0
수락산,2015-12-19 22:00,-3.4,0,0
수락산,2015-12-19 23:00,-3.9,0,0
수락산,2015-12-20 0:00,-4.2,0,0
수락산,2015-12-20 1:00,-4.7,0,0
수락산,2015-12-20 2:00,-5.4,0,0
수락산,2015-12-20 3:00,-5.5,0,0
수락산,2015-12-20 4:00,-5.7,0,0
수락산,2015-12-20 5:00,-5.5,0,0
수락산,2015-12-20 6:00,-6.4,0,0
수락산,2015-12-20 7:00,-5.7,0,0
수락산,2015-12-20 8:00,-5.7,0,0
수락산,2015-12-20 9:00,-4.4,0,0
수락산,2015-12-20 10:00,-2.5,0,0
수락산,2015-12-20 11:00,0,0,0
수락산,2015-12-20 12:00,3.3,0.2,0
수락산,2015-12-20 13:00,4.7,0.3,0
수락산,2015-12-20 14:00,5.4,0.5,0
수락산,2015-12-20 15:00,4.9,0.2,0
수락산,2015-12-20 16:00,4.9,0,0
수락산,2015-12-20 17:00,4.1,0,0
수락산,2015-12-20 18:00,3,0,0
수락산,2015-12-20 19:00,2.2,0,0
수락산,2015-12-20 20:00,1.1,0.5,0
수락산,2015-12-20 21:00,0.5,0,0
수락산,2015-12-20 22:00,0.4,0,0
수락산,2015-12-20 23:00,0.4,0,0
수락산,2015-12-21 0:00,1,0,0
수락산,2015-12-21 1:00,0.6,0,0
수락산,2015-12-21 2:00,1.2,0,0
수락산,2015-12-21 3:00,1.3,0,0
수락산,2015-12-21 4:00,1.6,0,0
수락산,2015-12-21 5:00,1.8,0.1,0
수락산,2015-12-21 6:00,2.1,0.3,0
수락산,2015-12-21 7:00,2.7,0.5,0
수락산,2015-12-21 8:00,1.6,0.1,0
수락산,2015-12-21 9:00,1.2,0,0
수락산,2015-12-21 10:00,1.5,0,0.5
수락산,2015-12-21 11:00,2.1,0.1,0
수락산,2015-12-21 12:00,2.5,0,0
수락산,2015-12-21 13:00,2.6,0,0
수락산,2015-12-21 14:00,3.6,0,0
수락산,2015-12-21 15:00,5.1,2.9,0
수락산,2015-12-21 16:00,4.2,1.3,0
수락산,2015-12-21 17:00,3.2,0.8,0
수락산,2015-12-21 18:00,1.3,0.2,0
수락산,2015-12-21 19:00,0.5,0,0
수락산,2015-12-21 20:00,-0.8,0.9,0
수락산,2015-12-21 21:00,-1.6,1.5,0
수락산,2015-12-21 22:00,-1.9,0,0
수락산,2015-12-21 23:00,-2.6,0,0
수락산,2015-12-22 0:00,-2.6,0,0
수락산,2015-12-22 1:00,-2.9,0,0
수락산,2015-12-22 2:00,-2.6,0,0
수락산,2015-12-22 3:00,-2.5,0.6,0
수락산,2015-12-22 4:00,-2.1,0.6,0
수락산,2015-12-22 5:00,-2.2,1,0
수락산,2015-12-22 6:00,-2.3,0,0
수락산,2015-12-22 7:00,-3.5,0.1,0
수락산,2015-12-22 8:00,-3.1,0.8,0
수락산,2015-12-22 9:00,-2.9,0.3,0
수락산,2015-12-22 10:00,-0.8,0.4,0
수락산,2015-12-22 11:00,1.9,1.1,0
수락산,2015-12-22 12:00,3.6,0.8,0
수락산,2015-12-22 13:00,5.2,0.5,0
수락산,2015-12-22 14:00,6.4,0.9,0
수락산,2015-12-22 15:00,6.7,0.3,0
수락산,2015-12-22 16:00,6.5,1,0
수락산,2015-12-22 17:00,5.3,0,0
수락산,2015-12-22 18:00,4.4,0.1,0
수락산,2015-12-22 19:00,3.8,0.1,0
수락산,2015-12-22 20:00,3.8,0,0
수락산,2015-12-22 21:00,3.6,0,0
수락산,2015-12-22 22:00,3.1,0.9,0
수락산,2015-12-22 23:00,2.7,0.8,0
수락산,2015-12-23 0:00,2.1,0,0
수락산,2015-12-23 1:00,0.9,0.5,0
수락산,2015-12-23 2:00,1.6,0,0
수락산,2015-12-23 3:00,1.7,0,0
수락산,2015-12-23 4:00,2,0,0
수락산,2015-12-23 5:00,2.3,0.4,0
수락산,2015-12-23 6:00,2.2,0.5,0
수락산,2015-12-23 7:00,2.1,0,0
수락산,2015-12-23 8:00,1.9,0.1,0
수락산,2015-12-23 9:00,2.4,0,0
수락산,2015-12-23 10:00,3.2,0,0
수락산,2015-12-23 11:00,3.6,1.3,0
수락산,2015-12-23 12:00,6.9,1.1,0
수락산,2015-12-23 13:00,9.2,0.7,0
수락산,2015-12-23 14:00,10.2,1.9,0
수락산,2015-12-23 15:00,10.5,1.9,0
수락산,2015-12-23 16:00,8.9,1.4,0
수락산,2015-12-23 17:00,7.7,1,0
수락산,2015-12-23 18:00,5.5,1.8,0
수락산,2015-12-23 19:00,4.4,0.1,0
수락산,2015-12-23 20:00,3.1,0,0
수락산,2015-12-23 21:00,1.6,0.5,0
수락산,2015-12-23 22:00,2.5,0.2,0
수락산,2015-12-23 23:00,1.8,0,0
수락산,2015-12-24 0:00,0.9,0,0
수락산,2015-12-24 1:00,-0.3,0,0
수락산,2015-12-24 2:00,-1,1.1,0
수락산,2015-12-24 3:00,-1.4,0.1,0
수락산,2015-12-24 4:00,-1.6,1.6,0
수락산,2015-12-24 5:00,-2.3,0.4,0
수락산,2015-12-24 6:00,-2.7,0.5,0
수락산,2015-12-24 7:00,-2.4,0,0
수락산,2015-12-24 8:00,-1.9,0,0
수락산,2015-12-24 9:00,-1.4,0,0
수락산,2015-12-24 10:00,0.3,0,0
수락산,2015-12-24 11:00,2.2,0.7,0
수락산,2015-12-24 12:00,3.4,0.5,0
수락산,2015-12-24 13:00,4.4,1.9,0
수락산,2015-12-24 14:00,4.9,2.4,0
수락산,2015-12-24 15:00,4.4,3.2,0
수락산,2015-12-24 16:00,4.3,2.4,0
수락산,2015-12-24 17:00,3.2,2,0
수락산,2015-12-24 18:00,2.1,0.8,0
수락산,2015-12-24 19:00,0.8,0.9,0
수락산,2015-12-24 20:00,0.4,0.6,0
수락산,2015-12-24 21:00,-0.6,0,0
수락산,2015-12-24 22:00,-1.4,0.1,0
수락산,2015-12-24 23:00,-1.2,1.5,0
수락산,2015-12-25 0:00,-2,1.3,0
수락산,2015-12-25 1:00,-2.4,0.8,0
수락산,2015-12-25 2:00,-2.6,1.9,0
수락산,2015-12-25 3:00,-3.8,0.8,0
수락산,2015-12-25 4:00,-4.1,0.3,0
수락산,2015-12-25 5:00,-5.2,0.6,0
수락산,2015-12-25 6:00,-5.8,0.2,0
수락산,2015-12-25 7:00,-5.3,0.2,0
수락산,2015-12-25 8:00,-5.7,0,0
수락산,2015-12-25 9:00,-3.6,0.5,0
수락산,2015-12-25 10:00,-1.8,1.1,0
수락산,2015-12-25 11:00,-0.4,1.9,0
수락산,2015-12-25 12:00,0.6,2,0
수락산,2015-12-25 13:00,1.7,2.4,0
수락산,2015-12-25 14:00,2.2,3.2,0
수락산,2015-12-25 15:00,2.5,2.1,0
수락산,2015-12-25 16:00,1.7,1.9,0
수락산,2015-12-25 17:00,0.9,1.3,0
수락산,2015-12-25 18:00,-1.2,0.4,0
수락산,2015-12-25 19:00,-1.2,0.6,0
수락산,2015-12-25 20:00,-2.4,0.9,0
수락산,2015-12-25 21:00,-2.5,0.9,0
수락산,2015-12-25 22:00,-1.1,0.9,0
수락산,2015-12-25 23:00,-1.1,1.1,0
수락산,2015-12-26 0:00,0.1,0.7,0
수락산,2015-12-26 1:00,-1.5,0.9,0
수락산,2015-12-26 2:00,-1.4,0.9,0
수락산,2015-12-26 3:00,-0.9,0.2,0
수락산,2015-12-26 4:00,-1,1.2,0
수락산,2015-12-26 5:00,-0.6,0.8,0
수락산,2015-12-26 6:00,-0.6,0.8,0
수락산,2015-12-26 7:00,-1.1,0.3,0
수락산,2015-12-26 8:00,-0.8,1,0
수락산,2015-12-26 9:00,-0.4,1,0
수락산,2015-12-26 10:00,1.2,0.9,0
수락산,2015-12-26 11:00,2.3,0.6,0
수락산,2015-12-26 12:00,1.9,0.1,0
수락산,2015-12-26 13:00,3.1,1.7,0
수락산,2015-12-26 14:00,3.9,1.8,0
수락산,2015-12-26 15:00,4.2,1.5,0
수락산,2015-12-26 16:00,4.3,2.1,0
수락산,2015-12-26 17:00,3.5,2.2,0
수락산,2015-12-26 18:00,1.9,2.4,0
수락산,2015-12-26 19:00,0.8,1.4,0
수락산,2015-12-26 20:00,-0.7,0.1,0
수락산,2015-12-26 21:00,-1.2,1.2,0
수락산,2015-12-26 22:00,-1.3,3.9,0
수락산,2015-12-26 23:00,-2.4,3.8,0
수락산,2015-12-27 0:00,-3.1,3,0
수락산,2015-12-27 1:00,-4,2.3,0
수락산,2015-12-27 2:00,-4.7,1.6,0
수락산,2015-12-27 3:00,-5.8,1.9,0
수락산,2015-12-27 4:00,-6.6,1.1,0
수락산,2015-12-27 5:00,-7.1,2.3,0
수락산,2015-12-27 6:00,-8.2,1.4,0
수락산,2015-12-27 7:00,-8.7,2.6,0
수락산,2015-12-27 8:00,-9.4,2.4,0
수락산,2015-12-27 9:00,-8.3,1.7,0
수락산,2015-12-27 10:00,-6.8,1.5,0
수락산,2015-12-27 11:00,-5.9,1.5,0
수락산,2015-12-27 12:00,-4.4,1.9,0
수락산,2015-12-27 13:00,-3.8,1.8,0
수락산,2015-12-27 14:00,-2.3,2,0
수락산,2015-12-27 15:00,-2.1,2.4,0
수락산,2015-12-27 16:00,-2.7,1.9,0
수락산,2015-12-27 17:00,-3.2,2.3,0
수락산,2015-12-27 18:00,-4.3,1.5,0
수락산,2015-12-27 19:00,-5.4,1.3,0
수락산,2015-12-27 20:00,-6.3,1.5,0
수락산,2015-12-27 21:00,-7.5,0.9,0
수락산,2015-12-27 22:00,-8.2,0.1,0
수락산,2015-12-27 23:00,-8.8,0,0
수락산,2015-12-28 0:00,-9.8,0,0
수락산,2015-12-28 1:00,-9.9,1.1,0
수락산,2015-12-28 2:00,-10.3,0,0
수락산,2015-12-28 3:00,-11.2,0,0
수락산,2015-12-28 4:00,-11.6,0,0
수락산,2015-12-28 5:00,-12.1,0,0
수락산,2015-12-28 6:00,-12.3,0,0
수락산,2015-12-28 7:00,-12.6,0,0
수락산,2015-12-28 8:00,-12.5,0,0
수락산,2015-12-28 9:00,-10,0,0
수락산,2015-12-28 10:00,-7.1,1,0
수락산,2015-12-28 11:00,-5,0.7,0
수락산,2015-12-28 12:00,-4.1,2.6,0
수락산,2015-12-28 13:00,-3.2,2.8,0
수락산,2015-12-28 14:00,-1.8,2.5,0
수락산,2015-12-28 15:00,-2,2.3,0
수락산,2015-12-28 16:00,-2.8,1.6,0
수락산,2015-12-28 17:00,-3.5,1.6,0
수락산,2015-12-28 18:00,-4.5,0.5,0
수락산,2015-12-28 19:00,-5.7,0.3,0
수락산,2015-12-28 20:00,-5.9,0.5,0
수락산,2015-12-28 21:00,-8.1,0.9,0
수락산,2015-12-28 22:00,-8.7,0.3,0
수락산,2015-12-28 23:00,-9.3,0.6,0
수락산,2015-12-29 0:00,-9.2,0.2,0
수락산,2015-12-29 1:00,-9.7,0,0
수락산,2015-12-29 2:00,-10,0,0
수락산,2015-12-29 3:00,-10.4,0,0
수락산,2015-12-29 4:00,-10.9,0,0
수락산,2015-12-29 5:00,-11,0,0
수락산,2015-12-29 6:00,-12,0.7,0
수락산,2015-12-29 7:00,-11.6,0,0
수락산,2015-12-29 8:00,-11.6,0,0
수락산,2015-12-29 9:00,-8.6,0,0
수락산,2015-12-29 10:00,-5.4,0.4,0
수락산,2015-12-29 11:00,-3.5,0.8,0
수락산,2015-12-29 12:00,-3.1,0.8,0
수락산,2015-12-29 13:00,-1,0.9,0
수락산,2015-12-29 14:00,0.6,0.5,0
수락산,2015-12-29 15:00,1.3,0.6,0
수락산,2015-12-29 16:00,0.9,0.1,0
수락산,2015-12-29 17:00,-1.1,0,0
수락산,2015-12-29 18:00,-1.9,0.1,0
수락산,2015-12-29 19:00,-2.5,1,0
수락산,2015-12-29 20:00,-3.1,0,0
수락산,2015-12-29 21:00,-3,0,0
수락산,2015-12-29 22:00,-3.8,0,0
수락산,2015-12-29 23:00,-3.4,0.9,0
수락산,2015-12-30 0:00,-4,0.8,0
수락산,2015-12-30 1:00,-4.1,1.3,0
수락산,2015-12-30 2:00,-4.5,0,0
수락산,2015-12-30 3:00,-5.1,0.9,0
수락산,2015-12-30 4:00,-5.7,0.9,0
수락산,2015-12-30 5:00,-5,0.5,0
수락산,2015-12-30 6:00,-4.8,0.1,0
수락산,2015-12-30 7:00,-5.3,0.8,0
수락산,2015-12-30 8:00,-4.1,0.7,0
수락산,2015-12-30 9:00,-3,0.8,0
수락산,2015-12-30 10:00,-0.7,1.1,0
수락산,2015-12-30 11:00,1,2.3,0
수락산,2015-12-30 12:00,2.5,1.5,0
수락산,2015-12-30 13:00,3.2,1.2,0
수락산,2015-12-30 14:00,3.3,1.9,0
수락산,2015-12-30 15:00,3.6,1.8,0
수락산,2015-12-30 16:00,3.9,1.9,0
수락산,2015-12-30 17:00,3.4,1,0
수락산,2015-12-30 18:00,0.3,0.2,0
수락산,2015-12-30 19:00,0.4,1.1,0.5
수락산,2015-12-30 20:00,0.5,1.2,0
수락산,2015-12-30 21:00,0.6,1.2,0
수락산,2015-12-30 22:00,0.6,0.3,0
수락산,2015-12-30 23:00,0.7,0.2,0
수락산,2015-12-31 0:00,0.6,0,0
수락산,2015-12-31 1:00,0.6,0,0
수락산,2015-12-31 2:00,0.7,0,0
수락산,2015-12-31 3:00,1,1.1,0
수락산,2015-12-31 4:00,1,0.2,0
수락산,2015-12-31 5:00,0.9,1,0
수락산,2015-12-31 6:00,0.9,1,0
수락산,2015-12-31 7:00,1,1.5,0
수락산,2015-12-31 8:00,1,1.9,0
수락산,2015-12-31 9:00,1,1.2,0
수락산,2015-12-31 10:00,1.3,1.8,0
수락산,2015-12-31 11:00,1.9,2,0
수락산,2015-12-31 12:00,1.9,1.4,0
수락산,2015-12-31 13:00,2.2,1.1,0
수락산,2015-12-31 14:00,2.2,1.3,0
수락산,2015-12-31 15:00,3.1,0.8,0
수락산,2015-12-31 16:00,2.9,1.4,0
수락산,2015-12-31 17:00,1.6,0.8,0
수락산,2015-12-31 18:00,-0.5,0.9,0
수락산,2015-12-31 19:00,-1.4,0.2,0
수락산,2015-12-31 20:00,-2.1,0,0
수락산,2015-12-31 21:00,-2.5,0.6,0
수락산,2015-12-31 22:00,-3.2,1,0
수락산,2015-12-31 23:00,-3.9,0,0
